0.0002 7.07107e-18
0.0004 2.51411e-06
0.0006 8.66227e-06
0.0008 1.93035e-05
0.001 3.516e-05
0.0012 5.68667e-05
0.0014 8.49968e-05
0.0016 0.000120077
0.0018 0.000162597
0.002 0.000213018
0.0022 0.000271775
0.0024 0.000339283
0.0026 0.000415936
0.0028 0.000502117
0.003 0.00059819
0.0032 0.00070451
0.0034 0.00082142
0.0036 0.000949252
0.0038 0.00108833
0.004 0.00123897
0.0042 0.00140148
0.0044 0.00157615
0.0046 0.00176329
0.0048 0.00196318
0.005 0.00217611
0.0052 0.00240234
0.0054 0.00264216
0.0056 0.00289583
0.0058 0.00316362
0.006 0.00344579
0.0062 0.00374258
0.0064 0.00405426
0.0066 0.00438108
0.0068 0.00472328
0.007 0.00508111
0.0072 0.0054548
0.0074 0.0058446
0.0076 0.00625074
0.0078 0.00667346
0.008 0.00711298
0.0082 0.00756954
0.0084 0.00804336
0.0086 0.00853467
0.0088 0.0090437
0.009 0.00957066
0.0092 0.0101158
0.0094 0.0106793
0.0096 0.0112614
0.0098 0.0118623
0.01 0.0124822
0.0102 0.0131214
0.0104 0.01378
0.0106 0.0144583
0.0108 0.0151565
0.011 0.0158747
0.0112 0.0166133
0.0114 0.0173723
0.0116 0.0181521
0.0118 0.0189528
0.012 0.0197746
0.0122 0.0206178
0.0124 0.0214825
0.0126 0.0223689
0.0128 0.0232773
0.013 0.0242078
0.0132 0.0251607
0.0134 0.0261361
0.0136 0.0271343
0.0138 0.0281554
0.014 0.0291997
0.0142 0.0302674
0.0144 0.0313586
0.0146 0.0324736
0.0148 0.0336125
0.015 0.0347757
0.0152 0.0359631
0.0154 0.0371751
0.0156 0.0384119
0.0158 0.0396737
0.016 0.0409606
0.0162 0.0422728
0.0164 0.0436107
0.0166 0.0449742
0.0168 0.0463638
0.017 0.0477794
0.0172 0.0492215
0.0174 0.0506901
0.0176 0.0521854
0.0178 0.0537077
0.018 0.0552571
0.0182 0.0568339
0.0184 0.0584382
0.0186 0.0600703
0.0188 0.0617303
0.019 0.0634185
0.0192 0.065135
0.0194 0.06688
0.0196 0.0686538
0.0198 0.0704565
0.02 0.0722884
0.0202 0.0741496
0.0204 0.0760403
0.0206 0.0779608
0.0208 0.0799112
0.021 0.0818917
0.0212 0.0839026
0.0214 0.0859441
0.0216 0.0880162
0.0218 0.0901194
0.022 0.0922536
0.0222 0.0944192
0.0224 0.0966163
0.0226 0.0988452
0.0228 0.101106
0.023 0.103399
0.0232 0.105724
0.0234 0.108082
0.0236 0.110473
0.0238 0.112896
0.024 0.115353
0.0242 0.117843
0.0244 0.120367
0.0246 0.122924
0.0248 0.125515
0.025 0.128141
0.0252 0.1308
0.0254 0.133495
0.0256 0.136224
0.0258 0.138988
0.026 0.141787
0.0262 0.144621
0.0264 0.147491
0.0266 0.150397
0.0268 0.153339
0.027 0.156317
0.0272 0.159331
0.0274 0.162382
0.0276 0.165469
0.0278 0.168594
0.028 0.171755
0.0282 0.174954
0.0284 0.178191
0.0286 0.181465
0.0288 0.184777
0.029 0.188127
0.0292 0.191516
0.0294 0.194942
0.0296 0.198408
0.0298 0.201913
0.03 0.205456
0.0302 0.209039
0.0304 0.212661
0.0306 0.216323
0.0308 0.220024
0.031 0.223766
0.0312 0.227548
0.0314 0.23137
0.0316 0.235233
0.0318 0.239136
0.032 0.24308
0.0322 0.247066
0.0324 0.251092
0.0326 0.25516
0.0328 0.25927
0.033 0.263421
0.0332 0.267615
0.0334 0.27185
0.0336 0.276128
0.0338 0.280448
0.034 0.28481
0.0342 0.289216
0.0344 0.293664
0.0346 0.298156
0.0348 0.30269
0.035 0.307268
0.0352 0.311889
0.0354 0.316555
0.0356 0.321263
0.0358 0.326016
0.036 0.330813
0.0362 0.335654
0.0364 0.340539
0.0366 0.345469
0.0368 0.350443
0.037 0.355462
0.0372 0.360526
0.0374 0.365635
0.0376 0.370789
0.0378 0.375988
0.038 0.381232
0.0382 0.386521
0.0384 0.391856
0.0386 0.397237
0.0388 0.402663
0.039 0.408134
0.0392 0.413652
0.0394 0.419215
0.0396 0.424824
0.0398 0.430479
0.04 0.43618
0.0402 0.300506
0.0404 0.24772
0.0406 0.208611
0.0408 0.176602
0.041 0.149149
0.0412 0.124945
0.0414 0.103213
0.0416 0.0834493
0.0418 0.0653018
0.042 0.0485152
0.0422 0.0328963
0.0424 0.0182953
0.0426 0.00459278
0.0428 0.00212761
0.043 0.00221749
0.0432 0.00231073
0.0434 0.00240743
0.0436 0.0025077
0.0438 0.00261166
0.044 0.00271942
0.0442 0.0028311
0.0444 0.00294683
0.0446 0.00306674
0.0448 0.00319094
0.045 0.00331957
0.0452 0.00345278
0.0454 0.00359069
0.0456 0.00373345
0.0458 0.0038812
0.046 0.0040341
0.0462 0.00419229
0.0464 0.00435594
0.0466 0.0045252
0.0468 0.00470023
0.047 0.00488121
0.0472 0.00506831
0.0474 0.00526169
0.0476 0.00546155
0.0478 0.00566806
0.048 0.0058814
0.0482 0.00610178
0.0484 0.00632938
0.0486 0.00656441
0.0488 0.00680706
0.049 0.00705756
0.0492 0.0073161
0.0494 0.0075829
0.0496 0.00785819
0.0498 0.00814219
0.05 0.00843513
0.0502 0.00873725
0.0504 0.00904878
0.0506 0.00936996
0.0508 0.00970105
0.051 0.0100423
0.0512 0.010394
0.0514 0.0107563
0.0516 0.0111296
0.0518 0.0115141
0.052 0.01191
0.0522 0.0123178
0.0524 0.0127376
0.0526 0.0131697
0.0528 0.0136145
0.053 0.0140723
0.0532 0.0145432
0.0534 0.0150278
0.0536 0.0155262
0.0538 0.0160387
0.054 0.0165658
0.0542 0.0171078
0.0544 0.0176649
0.0546 0.0182375
0.0548 0.018826
0.055 0.0194307
0.0552 0.0200519
0.0554 0.0206901
0.0556 0.0213455
0.0558 0.0220185
0.056 0.0227096
0.0562 0.0234191
0.0564 0.0241473
0.0566 0.0248946
0.0568 0.0256616
0.057 0.0264484
0.0572 0.0272555
0.0574 0.0280834
0.0576 0.0289325
0.0578 0.029803
0.058 0.0306955
0.0582 0.0316104
0.0584 0.0325481
0.0586 0.033509
0.0588 0.0344935
0.059 0.0355022
0.0592 0.0365353
0.0594 0.0375933
0.0596 0.0386768
0.0598 0.0397861
0.06 0.0409217
0.0602 0.042084
0.0604 0.0432734
0.0606 0.0444906
0.0608 0.0457358
0.061 0.0470095
0.0612 0.0483123
0.0614 0.0496445
0.0616 0.0510067
0.0618 0.0523993
0.062 0.0538228
0.0622 0.0552776
0.0624 0.0567642
0.0626 0.0582831
0.0628 0.0598348
0.063 0.0614197
0.0632 0.0630383
0.0634 0.0646911
0.0636 0.0663786
0.0638 0.0681012
0.064 0.0698594
0.0642 0.0716536
0.0644 0.0734845
0.0646 0.0753523
0.0648 0.0772576
0.065 0.0792009
0.0652 0.0811826
0.0654 0.0832033
0.0656 0.0852633
0.0658 0.0873631
0.066 0.0895032
0.0662 0.091684
0.0664 0.0939061
0.0666 0.0961698
0.0668 0.0984756
0.067 0.100824
0.0672 0.103215
0.0674 0.10565
0.0676 0.108129
0.0678 0.110652
0.068 0.11322
0.0682 0.115833
0.0684 0.118491
0.0686 0.121195
0.0688 0.123946
0.069 0.126744
0.0692 0.129589
0.0694 0.132482
0.0696 0.135422
0.0698 0.138411
0.07 0.141449
0.0702 0.144536
0.0704 0.147672
0.0706 0.150858
0.0708 0.154095
0.071 0.157382
0.0712 0.16072
0.0714 0.164109
0.0716 0.16755
0.0718 0.171042
0.072 0.174587
0.0722 0.178185
0.0724 0.181835
0.0726 0.185538
0.0728 0.189294
0.073 0.193105
0.0732 0.196969
0.0734 0.200887
0.0736 0.20486
0.0738 0.208887
0.074 0.212969
0.0742 0.217106
0.0744 0.221299
0.0746 0.225546
0.0748 0.22985
0.075 0.23421
0.0752 0.238625
0.0754 0.243097
0.0756 0.247625
0.0758 0.25221
0.076 0.256851
0.0762 0.261549
0.0764 0.266304
0.0766 0.271116
0.0768 0.275985
0.077 0.280911
0.0772 0.285895
0.0774 0.290936
0.0776 0.296034
0.0778 0.30119
0.078 0.306403
0.0782 0.311673
0.0784 0.317001
0.0786 0.322387
0.0788 0.32783
0.079 0.333331
0.0792 0.338889
0.0794 0.344504
0.0796 0.350177
0.0798 0.355907
0.08 0.361695
0.0802 0.226118
0.0804 0.173441
0.0806 0.134451
0.0808 0.102573
0.081 0.0752599
0.0812 0.0512065
0.0814 0.0296363
0.0816 0.0260854
0.0818 0.0267928
0.082 0.0274667
0.0822 0.0281073
0.0824 0.0287149
0.0826 0.0292899
0.0828 0.0298323
0.083 0.0303427
0.0832 0.0308212
0.0834 0.0312682
0.0836 0.0316841
0.0838 0.0320691
0.084 0.0324236
0.0842 0.032748
0.0844 0.0330426
0.0846 0.0333079
0.0848 0.0335441
0.085 0.0337518
0.0852 0.0339313
0.0854 0.034083
0.0856 0.0342074
0.0858 0.0343048
0.086 0.0343758
0.0862 0.0344207
0.0864 0.03444
0.0866 0.0344341
0.0868 0.0344036
0.087 0.0343489
0.0872 0.0342704
0.0874 0.0341686
0.0876 0.034044
0.0878 0.0338972
0.088 0.0337285
0.0882 0.0335385
0.0884 0.0333276
0.0886 0.0330965
0.0888 0.0328455
0.089 0.0325752
0.0892 0.0322861
0.0894 0.0319787
0.0896 0.0316535
0.0898 0.0313111
0.09 0.0309519
0.0902 0.0305765
0.0904 0.0301853
0.0906 0.029779
0.0908 0.0293581
0.091 0.028923
0.0912 0.0284742
0.0914 0.0280124
0.0916 0.027538
0.0918 0.0270515
0.092 0.0265535
0.0922 0.0260445
0.0924 0.0255249
0.0926 0.0249954
0.0928 0.0244564
0.093 0.0239085
0.0932 0.0233521
0.0934 0.0227878
0.0936 0.0222161
0.0938 0.0216374
0.094 0.0210523
0.0942 0.0204612
0.0944 0.0198647
0.0946 0.0192633
0.0948 0.0186574
0.095 0.0180476
0.0952 0.0174342
0.0954 0.0168178
0.0956 0.0164454
0.0958 0.0170245
0.096 0.0176204
0.0962 0.0182337
0.0964 0.0188646
0.0966 0.0195134
0.0968 0.0201807
0.097 0.0208668
0.0972 0.0215721
0.0974 0.0222969
0.0976 0.0230417
0.0978 0.0238068
0.098 0.0245927
0.0982 0.0253998
0.0984 0.0262285
0.0986 0.0270792
0.0988 0.0279523
0.099 0.0288483
0.0992 0.0297676
0.0994 0.0307105
0.0996 0.0316776
0.0998 0.0326693
0.1 0.033686
0.1002 0.0347281
0.1004 0.0357961
0.1006 0.0368905
0.1008 0.0380116
0.101 0.03916
0.1012 0.040336
0.1014 0.0415402
0.1016 0.042773
0.1018 0.0440348
0.102 0.0453261
0.1022 0.0466474
0.1024 0.0479991
0.1026 0.0493817
0.1028 0.0507957
0.103 0.0522415
0.1032 0.0537195
0.1034 0.0552303
0.1036 0.0567743
0.1038 0.058352
0.104 0.0599638
0.1042 0.0616102
0.1044 0.0632917
0.1046 0.0650088
0.1048 0.0667618
0.105 0.0685513
0.1052 0.0703777
0.1054 0.0722416
0.1056 0.0741433
0.1058 0.0760833
0.106 0.078062
0.1062 0.08008
0.1064 0.0821377
0.1066 0.0842356
0.1068 0.086374
0.107 0.0885535
0.1072 0.0907744
0.1074 0.0930373
0.1076 0.0953426
0.1078 0.0976906
0.108 0.100082
0.1082 0.102517
0.1084 0.104996
0.1086 0.10752
0.1088 0.110088
0.109 0.112702
0.1092 0.115362
0.1094 0.118068
0.1096 0.120821
0.1098 0.123621
0.11 0.126468
0.1102 0.129363
0.1104 0.132306
0.1106 0.135297
0.1108 0.138338
0.111 0.141428
0.1112 0.144568
0.1114 0.147757
0.1116 0.150998
0.1118 0.154289
0.112 0.157631
0.1122 0.161024
0.1124 0.16447
0.1126 0.167967
0.1128 0.171517
0.113 0.17512
0.1132 0.178776
0.1134 0.182485
0.1136 0.186248
0.1138 0.190064
0.114 0.193936
0.1142 0.197861
0.1144 0.201841
0.1146 0.205877
0.1148 0.209968
0.115 0.214114
0.1152 0.218316
0.1154 0.222574
0.1156 0.226888
0.1158 0.231259
0.116 0.235686
0.1162 0.24017
0.1164 0.244711
0.1166 0.249309
0.1168 0.253965
0.117 0.258678
0.1172 0.263449
0.1174 0.268278
0.1176 0.273164
0.1178 0.278109
0.118 0.283112
0.1182 0.288173
0.1184 0.293292
0.1186 0.29847
0.1188 0.303707
0.119 0.309002
0.1192 0.314356
0.1194 0.319768
0.1196 0.325239
0.1198 0.330769
0.12 0.336358
0.1202 0.200584
0.1204 0.147712
0.1206 0.108528
0.1208 0.0764584
0.121 0.0489559
0.1212 0.0247147
0.1214 0.00745819
0.1216 0.00853111
0.1218 0.00957157
0.122 0.0105797
0.1222 0.0115556
0.1224 0.0124993
0.1226 0.0134112
0.1228 0.0142912
0.123 0.0151395
0.1232 0.0159564
0.1234 0.0167419
0.1236 0.0174963
0.1238 0.0182198
0.124 0.0189126
0.1242 0.0195749
0.1244 0.0202069
0.1246 0.0208089
0.1248 0.021381
0.125 0.0219237
0.1252 0.022437
0.1254 0.0229213
0.1256 0.0233768
0.1258 0.0238039
0.126 0.0242028
0.1262 0.0245738
0.1264 0.0249173
0.1266 0.0252335
0.1268 0.0255227
0.127 0.0257854
0.1272 0.0260218
0.1274 0.0262323
0.1276 0.0264171
0.1278 0.0265768
0.128 0.0267116
0.1282 0.0268218
0.1284 0.026908
0.1286 0.0269704
0.1288 0.0270095
0.129 0.0270256
0.1292 0.0270191
0.1294 0.0269904
0.1296 0.02694
0.1298 0.0268682
0.13 0.0267754
0.1302 0.0266621
0.1304 0.0265288
0.1306 0.0263757
0.1308 0.0262034
0.131 0.0260123
0.1312 0.0258029
0.1314 0.0255755
0.1316 0.0253307
0.1318 0.0250688
0.132 0.0247903
0.1322 0.0244957
0.1324 0.0241855
0.1326 0.02386
0.1328 0.0235198
0.133 0.0231654
0.1332 0.0227971
0.1334 0.0224154
0.1336 0.0220209
0.1338 0.021614
0.134 0.0211951
0.1342 0.0207648
0.1344 0.0203235
0.1346 0.0198716
0.1348 0.0194097
0.135 0.0189382
0.1352 0.0184576
0.1354 0.0179683
0.1356 0.0174709
0.1358 0.0169658
0.136 0.0164534
0.1362 0.0160199
0.1364 0.0165943
0.1366 0.0171858
0.1368 0.0177947
0.137 0.0184216
0.1372 0.0190667
0.1374 0.0197305
0.1376 0.0204134
0.1378 0.0211157
0.138 0.0218378
0.1382 0.0225803
0.1384 0.0233435
0.1386 0.0241278
0.1388 0.0249336
0.139 0.0257614
0.1392 0.0266116
0.1394 0.0274847
0.1396 0.028381
0.1398 0.029301
0.14 0.0302452
0.1402 0.031214
0.1404 0.0322078
0.1406 0.0332272
0.1408 0.0342725
0.141 0.0353443
0.1412 0.0364429
0.1414 0.0375688
0.1416 0.0387226
0.1418 0.0399046
0.142 0.0411154
0.1422 0.0423554
0.1424 0.0436251
0.1426 0.0449249
0.1428 0.0462553
0.143 0.0476169
0.1432 0.04901
0.1434 0.0504352
0.1436 0.0518929
0.1438 0.0533836
0.144 0.0549078
0.1442 0.056466
0.1444 0.0580586
0.1446 0.0596861
0.1448 0.061349
0.145 0.0630478
0.1452 0.0647829
0.1454 0.0665548
0.1456 0.0683641
0.1458 0.0702111
0.146 0.0720963
0.1462 0.0740203
0.1464 0.0759835
0.1466 0.0779862
0.1468 0.0800291
0.147 0.0821126
0.1472 0.0842371
0.1474 0.0864031
0.1476 0.088611
0.1478 0.0908614
0.148 0.0931545
0.1482 0.095491
0.1484 0.0978712
0.1486 0.100296
0.1488 0.102765
0.149 0.105279
0.1492 0.107838
0.1494 0.110443
0.1496 0.113095
0.1498 0.115794
0.15 0.118539
0.1502 0.121332
0.1504 0.124173
0.1506 0.127063
0.1508 0.130001
0.151 0.132988
0.1512 0.136025
0.1514 0.139111
0.1516 0.142248
0.1518 0.145436
0.152 0.148674
0.1522 0.151964
0.1524 0.155305
0.1526 0.158698
0.1528 0.162144
0.153 0.165643
0.1532 0.169194
0.1534 0.172799
0.1536 0.176457
0.1538 0.180169
0.154 0.183935
0.1542 0.187756
0.1544 0.191632
0.1546 0.195563
0.1548 0.199548
0.155 0.20359
0.1552 0.207687
0.1554 0.21184
0.1556 0.21605
0.1558 0.220316
0.156 0.224639
0.1562 0.229018
0.1564 0.233455
0.1566 0.237949
0.1568 0.242501
0.157 0.24711
0.1572 0.251777
0.1574 0.256502
0.1576 0.261285
0.1578 0.266126
0.158 0.271026
0.1582 0.275984
0.1584 0.281001
0.1586 0.286076
0.1588 0.291211
0.159 0.296404
0.1592 0.301656
0.1594 0.306967
0.1596 0.312338
0.1598 0.317767
0.16 0.323256
0.1602 0.187382
0.1604 0.13441
0.1606 0.0951272
0.1608 0.0629588
0.161 0.0353581
0.1612 0.0110193
0.1614 0.00054518
0.1616 0.00057576
0.1618 0.000607868
0.162 0.00143599
0.1622 0.00251736
0.1624 0.00356581
0.1626 0.0045815
0.1628 0.0055646
0.163 0.00651528
0.1632 0.00743375
0.1634 0.00832019
0.1636 0.00917481
0.1638 0.00999783
0.164 0.0107895
0.1642 0.01155
0.1644 0.0122796
0.1646 0.0129785
0.1648 0.013647
0.165 0.0142854
0.1652 0.014894
0.1654 0.0154729
0.1656 0.0160226
0.1658 0.0165432
0.166 0.0170352
0.1662 0.0174987
0.1664 0.0179342
0.1666 0.0183419
0.1668 0.0187222
0.167 0.0190754
0.1672 0.0194018
0.1674 0.0197018
0.1676 0.0199758
0.1678 0.020224
0.168 0.0204469
0.1682 0.0206448
0.1684 0.0208182
0.1686 0.0209673
0.1688 0.0210925
0.169 0.0211943
0.1692 0.021273
0.1694 0.0213291
0.1696 0.0213629
0.1698 0.0213749
0.17 0.0213654
0.1702 0.0213348
0.1704 0.0212836
0.1706 0.0212123
0.1708 0.0211211
0.171 0.0210106
0.1712 0.0208811
0.1714 0.0207332
0.1716 0.0205672
0.1718 0.0203836
0.172 0.0201828
0.1722 0.0199653
0.1724 0.0197314
0.1726 0.0194817
0.1728 0.0192167
0.173 0.0189366
0.1732 0.0186421
0.1734 0.0183335
0.1736 0.0180114
0.1738 0.0176761
0.174 0.0173281
0.1742 0.0169678
0.1744 0.0165959
0.1746 0.0162125
0.1748 0.0158184
0.175 0.0154138
0.1752 0.0149993
0.1754 0.0145753
0.1756 0.0141423
0.1758 0.0138479
0.176 0.0143587
0.1762 0.0148853
0.1764 0.0154279
0.1766 0.0159871
0.1768 0.016563
0.177 0.0171562
0.1772 0.0177671
0.1774 0.0183959
0.1776 0.0190432
0.1778 0.0197093
0.178 0.0203945
0.1782 0.0210995
0.1784 0.0218244
0.1786 0.0225698
0.1788 0.0233361
0.179 0.0241237
0.1792 0.0249331
0.1794 0.0257646
0.1796 0.0266187
0.1798 0.0274958
0.18 0.0283965
0.1802 0.0293211
0.1804 0.03027
0.1806 0.0312438
0.1808 0.032243
0.181 0.0332678
0.1812 0.0343189
0.1814 0.0353967
0.1816 0.0365016
0.1818 0.0376342
0.182 0.0387948
0.1822 0.039984
0.1824 0.0412022
0.1826 0.04245
0.1828 0.0437277
0.183 0.0450359
0.1832 0.0463751
0.1834 0.0477457
0.1836 0.0491482
0.1838 0.0505832
0.184 0.052051
0.1842 0.0535522
0.1844 0.0550872
0.1846 0.0566566
0.1848 0.0582608
0.185 0.0599003
0.1852 0.0615756
0.1854 0.0632872
0.1856 0.0650355
0.1858 0.0668211
0.186 0.0686444
0.1862 0.070506
0.1864 0.0724062
0.1866 0.0743455
0.1868 0.0763245
0.187 0.0783436
0.1872 0.0804032
0.1874 0.0825039
0.1876 0.0846461
0.1878 0.0868303
0.188 0.0890569
0.1882 0.0913264
0.1884 0.0936393
0.1886 0.0959959
0.1888 0.0983968
0.189 0.100842
0.1892 0.103333
0.1894 0.105869
0.1896 0.108452
0.1898 0.11108
0.19 0.113756
0.1902 0.116479
0.1904 0.119249
0.1906 0.122068
0.1908 0.124935
0.191 0.12785
0.1912 0.130816
0.1914 0.133831
0.1916 0.136896
0.1918 0.140011
0.192 0.143177
0.1922 0.146394
0.1924 0.149663
0.1926 0.152984
0.1928 0.156357
0.193 0.159783
0.1932 0.163261
0.1934 0.166793
0.1936 0.170378
0.1938 0.174017
0.194 0.17771
0.1942 0.181458
0.1944 0.185261
0.1946 0.189118
0.1948 0.193031
0.195 0.196999
0.1952 0.201024
0.1954 0.205104
0.1956 0.209241
0.1958 0.213434
0.196 0.217684
0.1962 0.221991
0.1964 0.226355
0.1966 0.230777
0.1968 0.235256
0.197 0.239793
0.1972 0.244389
0.1974 0.249042
0.1976 0.253753
0.1978 0.258524
0.198 0.263352
0.1982 0.26824
0.1984 0.273186
0.1986 0.278191
0.1988 0.283256
0.199 0.288379
0.1992 0.293562
0.1994 0.298804
0.1996 0.304105
0.1998 0.309466
0.2 0.314887
0.2002 0.178945
0.2004 0.125906
0.2006 0.0865561
0.2008 0.0543209
0.201 0.0266539
0.2012 0.00224921
0.2014 0.00049986
0.2016 0.000528268
0.2018 0.000558115
0.202 0.000589463
0.2022 0.000622379
0.2024 0.000656929
0.2026 0.000693184
0.2028 0.000731216
0.203 0.000771101
0.2032 0.00172076
0.2034 0.00268389
0.2036 0.00361413
0.2038 0.00451171
0.204 0.00537685
0.2042 0.00620977
0.2044 0.00701074
0.2046 0.00778
0.2048 0.00851782
0.205 0.00922446
0.2052 0.00990021
0.2054 0.0105453
0.2056 0.0111602
0.2058 0.011745
0.206 0.0123
0.2062 0.0128257
0.2064 0.0133224
0.2066 0.0137902
0.2068 0.0142297
0.207 0.0146411
0.2072 0.0150248
0.2074 0.0153812
0.2076 0.0157105
0.2078 0.0160132
0.208 0.0162896
0.2082 0.0165402
0.2084 0.0167652
0.2086 0.0169651
0.2088 0.0171403
0.209 0.0172912
0.2092 0.0174181
0.2094 0.0175215
0.2096 0.0176018
0.2098 0.0176594
0.21 0.0176948
0.2102 0.0177083
0.2104 0.0177003
0.2106 0.0176714
0.2108 0.0176218
0.211 0.0175522
0.2112 0.0174629
0.2114 0.0173543
0.2116 0.0172269
0.2118 0.0170812
0.212 0.0169175
0.2122 0.0167365
0.2124 0.0165384
0.2126 0.0163237
0.2128 0.016093
0.213 0.0158466
0.2132 0.0155851
0.2134 0.0153089
0.2136 0.0150184
0.2138 0.0147142
0.214 0.0143966
0.2142 0.0140662
0.2144 0.0137234
0.2146 0.0133687
0.2148 0.0130025
0.215 0.0126254
0.2152 0.0122377
0.2154 0.0122451
0.2156 0.0127071
0.2158 0.0131836
0.216 0.0136751
0.2162 0.0141819
0.2164 0.0147044
0.2166 0.015243
0.2168 0.0157979
0.217 0.0163697
0.2172 0.0169587
0.2174 0.0175652
0.2176 0.0181897
0.2178 0.0188326
0.218 0.0194942
0.2182 0.020175
0.2184 0.0208754
0.2186 0.0215958
0.2188 0.0223367
0.219 0.0230984
0.2192 0.0238813
0.2194 0.0246859
0.2196 0.0255127
0.2198 0.0263621
0.22 0.0272345
0.2202 0.0281303
0.2204 0.0290501
0.2206 0.0299942
0.2208 0.0309632
0.221 0.0319574
0.2212 0.0329774
0.2214 0.0340236
0.2216 0.0350964
0.2218 0.0361964
0.222 0.037324
0.2222 0.0384797
0.2224 0.039664
0.2226 0.0408773
0.2228 0.0421201
0.223 0.0433929
0.2232 0.0446962
0.2234 0.0460305
0.2236 0.0473962
0.2238 0.0487939
0.224 0.050224
0.2242 0.051687
0.2244 0.0531834
0.2246 0.0547137
0.2248 0.0562784
0.225 0.0578779
0.2252 0.0595128
0.2254 0.0611835
0.2256 0.0628905
0.2258 0.0646344
0.226 0.0664155
0.2262 0.0682345
0.2264 0.0700917
0.2266 0.0719876
0.2268 0.0739228
0.227 0.0758976
0.2272 0.0779127
0.2274 0.0799684
0.2276 0.0820653
0.2278 0.0842037
0.228 0.0863842
0.2282 0.0886072
0.2284 0.0908732
0.2286 0.0931827
0.2288 0.0955361
0.229 0.0979338
0.2292 0.100376
0.2294 0.102864
0.2296 0.105398
0.2298 0.107977
0.23 0.110603
0.2302 0.113276
0.2304 0.115997
0.2306 0.118765
0.2308 0.121582
0.231 0.124447
0.2312 0.127361
0.2314 0.130325
0.2316 0.133338
0.2318 0.136402
0.232 0.139516
0.2322 0.142682
0.2324 0.145898
0.2326 0.149167
0.2328 0.152487
0.233 0.15586
0.2332 0.159286
0.2334 0.162764
0.2336 0.166296
0.2338 0.169882
0.234 0.173522
0.2342 0.177217
0.2344 0.180965
0.2346 0.184769
0.2348 0.188629
0.235 0.192543
0.2352 0.196514
0.2354 0.20054
0.2356 0.204623
0.2358 0.208762
0.236 0.212959
0.2362 0.217212
0.2364 0.221522
0.2366 0.22589
0.2368 0.230316
0.237 0.234799
0.2372 0.239341
0.2374 0.243941
0.2376 0.248599
0.2378 0.253316
0.238 0.258091
0.2382 0.262925
0.2384 0.267819
0.2386 0.272771
0.2388 0.277783
0.239 0.282853
0.2392 0.287984
0.2394 0.293174
0.2396 0.298423
0.2398 0.303732
0.24 0.309101
0.2402 0.173108
0.2404 0.120017
0.2406 0.0806164
0.2408 0.0483305
0.241 0.0206131
0.2412 0.000444748
0.2414 0.00047039
0.2416 0.000497351
0.2418 0.00052569
0.242 0.000555467
0.2422 0.000586747
0.2424 0.000619594
0.2426 0.000654076
0.2428 0.000690264
0.243 0.000728231
0.2432 0.00076805
0.2434 0.000809801
0.2436 0.000853564
0.2438 0.000899421
0.244 0.00115135
0.2442 0.0020411
0.2444 0.00289822
0.2446 0.00372294
0.2448 0.00451554
0.245 0.00527627
0.2452 0.0060054
0.2454 0.00670323
0.2456 0.00737003
0.2458 0.00800611
0.246 0.00861178
0.2462 0.00918733
0.2464 0.00973311
0.2466 0.0102494
0.2468 0.0107366
0.247 0.011195
0.2472 0.011625
0.2474 0.0120269
0.2476 0.012401
0.2478 0.0127478
0.248 0.0130676
0.2482 0.0133609
0.2484 0.0136278
0.2486 0.013869
0.2488 0.0140847
0.249 0.0142753
0.2492 0.0144413
0.2494 0.0145831
0.2496 0.0147011
0.2498 0.0147956
0.25 0.0148672
0.2502 0.0149162
0.2504 0.014943
0.2506 0.0149482
0.2508 0.0149321
0.251 0.0148952
0.2512 0.0148379
0.2514 0.0147607
0.2516 0.014664
0.2518 0.0145483
0.252 0.014414
0.2522 0.0142616
0.2524 0.0140915
0.2526 0.0139042
0.2528 0.0137002
0.253 0.0134799
0.2532 0.0132437
0.2534 0.0129923
0.2536 0.012726
0.2538 0.0124452
0.254 0.0121506
0.2542 0.0118425
0.2544 0.0115214
0.2546 0.0111877
0.2548 0.0108421
0.255 0.0109576
0.2552 0.0113789
0.2554 0.0118139
0.2556 0.0122629
0.2558 0.0127262
0.256 0.0132041
0.2562 0.0136971
0.2564 0.0142054
0.2566 0.0147295
0.2568 0.0152697
0.257 0.0158265
0.2572 0.0164
0.2574 0.0169909
0.2576 0.0175994
0.2578 0.0182259
0.258 0.0188709
0.2582 0.0195347
0.2584 0.0202178
0.2586 0.0209206
0.2588 0.0216434
0.259 0.0223868
0.2592 0.0231511
0.2594 0.0239367
0.2596 0.0247442
0.2598 0.0255739
0.26 0.0264262
0.2602 0.0273017
0.2604 0.0282008
0.2606 0.0291239
0.2608 0.0300714
0.261 0.0310439
0.2612 0.0320417
0.2614 0.0330655
0.2616 0.0341155
0.2618 0.0351923
0.262 0.0362964
0.2622 0.0374282
0.2624 0.0385883
0.2626 0.039777
0.2628 0.0409949
0.263 0.0422424
0.2632 0.0435201
0.2634 0.0448284
0.2636 0.0461678
0.2638 0.0475387
0.264 0.0489418
0.2642 0.0503774
0.2644 0.0518461
0.2646 0.0533483
0.2648 0.0548845
0.265 0.0564553
0.2652 0.0580611
0.2654 0.0597023
0.2656 0.0613796
0.2658 0.0630934
0.266 0.0648441
0.2662 0.0666322
0.2664 0.0684584
0.2666 0.0703229
0.2668 0.0722263
0.267 0.0741692
0.2672 0.0761519
0.2674 0.0781749
0.2676 0.0802388
0.2678 0.082344
0.268 0.0844909
0.2682 0.0866801
0.2684 0.088912
0.2686 0.0911871
0.2688 0.0935057
0.269 0.0958685
0.2692 0.0982758
0.2694 0.100728
0.2696 0.103226
0.2698 0.105769
0.27 0.108359
0.2702 0.110996
0.2704 0.11368
0.2706 0.116411
0.2708 0.11919
0.271 0.122018
0.2712 0.124895
0.2714 0.12782
0.2716 0.130796
0.2718 0.133821
0.272 0.136897
0.2722 0.140024
0.2724 0.143202
0.2726 0.146431
0.2728 0.149713
0.273 0.153046
0.2732 0.156432
0.2734 0.159871
0.2736 0.163364
0.2738 0.16691
0.274 0.17051
0.2742 0.174164
0.2744 0.177873
0.2746 0.181636
0.2748 0.185455
0.275 0.189329
0.2752 0.193259
0.2754 0.197245
0.2756 0.201287
0.2758 0.205386
0.276 0.209542
0.2762 0.213754
0.2764 0.218024
0.2766 0.222351
0.2768 0.226735
0.277 0.231178
0.2772 0.235679
0.2774 0.240237
0.2776 0.244855
0.2778 0.249531
0.278 0.254265
0.2782 0.259059
0.2784 0.263911
0.2786 0.268823
0.2788 0.273794
0.279 0.278824
0.2792 0.283914
0.2794 0.289063
0.2796 0.294273
0.2798 0.299541
0.28 0.30487
0.2802 0.168837
0.2804 0.115707
0.2806 0.0762663
0.2808 0.0439408
0.281 0.016184
0.2812 0.00042508
0.2814 0.000449734
0.2816 0.000475664
0.2818 0.000502928
0.282 0.000531585
0.2822 0.000561697
0.2824 0.000593328
0.2826 0.000626543
0.2828 0.000661412
0.283 0.000698005
0.2832 0.000736396
0.2834 0.000776661
0.2836 0.000818878
0.2838 0.000863129
0.284 0.000909497
0.2842 0.00095807
0.2844 0.00100894
0.2846 0.00106219
0.2848 0.00127916
0.285 0.00208057
0.2852 0.00284995
0.2854 0.00358759
0.2856 0.00429377
0.2858 0.00496879
0.286 0.00561294
0.2862 0.00622654
0.2864 0.0068099
0.2866 0.00736334
0.2868 0.0078872
0.287 0.0083818
0.2872 0.00884751
0.2874 0.00928466
0.2876 0.00969361
0.2878 0.0100747
0.288 0.0104284
0.2882 0.0107549
0.2884 0.0110548
0.2886 0.0113283
0.2888 0.0115759
0.289 0.011798
0.2892 0.0119949
0.2894 0.0121671
0.2896 0.012315
0.2898 0.012439
0.29 0.0125395
0.2902 0.0126169
0.2904 0.0126718
0.2906 0.0127044
0.2908 0.0127153
0.291 0.0127048
0.2912 0.0126735
0.2914 0.0126218
0.2916 0.01255
0.2918 0.0124588
0.292 0.0123485
0.2922 0.0122195
0.2924 0.0120725
0.2926 0.0119077
0.2928 0.0117257
0.293 0.0115269
0.2932 0.0113118
0.2934 0.011081
0.2936 0.0108347
0.2938 0.0105736
0.294 0.0102981
0.2942 0.0100086
0.2944 0.00970566
0.2946 0.00987509
0.2948 0.0102614
0.295 0.0106605
0.2952 0.0110727
0.2954 0.0114982
0.2956 0.0119376
0.2958 0.012391
0.296 0.0128588
0.2962 0.0133415
0.2964 0.0138392
0.2966 0.0143526
0.2968 0.0148818
0.297 0.0154272
0.2972 0.0159893
0.2974 0.0165684
0.2976 0.0171649
0.2978 0.0177792
0.298 0.0184118
0.2982 0.0190629
0.2984 0.019733
0.2986 0.0204225
0.2988 0.0211319
0.299 0.0218615
0.2992 0.0226118
0.2994 0.0233832
0.2996 0.0241762
0.2998 0.0249911
0.3 0.0258284
0.3002 0.0266886
0.3004 0.0275721
0.3006 0.0284793
0.3008 0.0294107
0.301 0.0303668
0.3012 0.031348
0.3014 0.0323548
0.3016 0.0333877
0.3018 0.034447
0.302 0.0355333
0.3022 0.0366472
0.3024 0.0377889
0.3026 0.038959
0.3028 0.0401581
0.303 0.0413865
0.3032 0.0426448
0.3034 0.0439334
0.3036 0.0452528
0.3038 0.0466036
0.304 0.0479862
0.3042 0.049401
0.3044 0.0508487
0.3046 0.0523296
0.3048 0.0538443
0.305 0.0553932
0.3052 0.0569769
0.3054 0.0585958
0.3056 0.0602504
0.3058 0.0619413
0.306 0.0636688
0.3062 0.0654336
0.3064 0.067236
0.3066 0.0690767
0.3068 0.0709559
0.307 0.0728744
0.3072 0.0748324
0.3074 0.0768305
0.3076 0.0788693
0.3078 0.080949
0.308 0.0830703
0.3082 0.0852337
0.3084 0.0874394
0.3086 0.0896882
0.3088 0.0919803
0.309 0.0943163
0.3092 0.0966965
0.3094 0.0991216
0.3096 0.101592
0.3098 0.104108
0.31 0.10667
0.3102 0.109278
0.3104 0.111934
0.3106 0.114637
0.3108 0.117388
0.311 0.120187
0.3112 0.123034
0.3114 0.125931
0.3116 0.128877
0.3118 0.131873
0.312 0.134919
0.3122 0.138016
0.3124 0.141164
0.3126 0.144364
0.3128 0.147615
0.313 0.150918
0.3132 0.154273
0.3134 0.157682
0.3136 0.161143
0.3138 0.164659
0.314 0.168228
0.3142 0.171851
0.3144 0.175528
0.3146 0.179261
0.3148 0.183048
0.315 0.186891
0.3152 0.190789
0.3154 0.194743
0.3156 0.198754
0.3158 0.202821
0.316 0.206944
0.3162 0.211125
0.3164 0.215362
0.3166 0.219658
0.3168 0.22401
0.317 0.228421
0.3172 0.232889
0.3174 0.237416
0.3176 0.242001
0.3178 0.246645
0.318 0.251348
0.3182 0.256109
0.3184 0.26093
0.3186 0.265809
0.3188 0.270748
0.319 0.275746
0.3192 0.280804
0.3194 0.285922
0.3196 0.291099
0.3198 0.296336
0.32 0.301633
0.3202 0.165568
0.3204 0.112407
0.3206 0.0729344
0.3208 0.0405775
0.321 0.0127893
0.3212 0.000410494
0.3214 0.000434408
0.3216 0.000459566
0.3218 0.000486024
0.322 0.00051384
0.3222 0.000543076
0.3224 0.000573792
0.3226 0.000606056
0.3228 0.000639933
0.323 0.000675493
0.3232 0.000712808
0.3234 0.000751954
0.3236 0.000793007
0.3238 0.000836047
0.324 0.000881156
0.3242 0.00092842
0.3244 0.000977927
0.3246 0.00102977
0.3248 0.00108404
0.325 0.00114083
0.3252 0.00120025
0.3254 0.0012624
0.3256 0.00177141
0.3258 0.00247606
0.326 0.00314954
0.3262 0.00379216
0.3264 0.00440422
0.3266 0.00498605
0.3268 0.00553798
0.327 0.00606033
0.3272 0.00655346
0.3274 0.0070177
0.3276 0.00745342
0.3278 0.00786096
0.328 0.00824071
0.3282 0.00859303
0.3284 0.0089183
0.3286 0.0092169
0.3288 0.00948923
0.329 0.00973568
0.3292 0.00995665
0.3294 0.0101525
0.3296 0.0103238
0.3298 0.0104708
0.33 0.0105939
0.3302 0.0106936
0.3304 0.0107704
0.3306 0.0108246
0.3308 0.0108567
0.331 0.0108671
0.3312 0.0108563
0.3314 0.0108247
0.3316 0.0107728
0.3318 0.010701
0.332 0.0106097
0.3322 0.0104995
0.3324 0.0103708
0.3326 0.010224
0.3328 0.0100597
0.333 0.00987817
0.3332 0.00968003
0.3334 0.00946571
0.3336 0.00923568
0.3338 0.00899042
0.334 0.00873039
0.3342 0.00893916
0.3344 0.00929448
0.3346 0.00966175
0.3348 0.0100413
0.335 0.0104334
0.3352 0.0108384
0.3354 0.0112567
0.3356 0.0116885
0.3358 0.0121343
0.336 0.0125943
0.3362 0.0130689
0.3364 0.0135585
0.3366 0.0140635
0.3368 0.0145841
0.337 0.0151208
0.3372 0.015674
0.3374 0.0162439
0.3376 0.0168311
0.3378 0.0174359
0.338 0.0180588
0.3382 0.0187
0.3384 0.01936
0.3386 0.0200392
0.3388 0.0207381
0.339 0.021457
0.3392 0.0221963
0.3394 0.0229566
0.3396 0.0237382
0.3398 0.0245416
0.34 0.0253671
0.3402 0.0262153
0.3404 0.0270866
0.3406 0.0279815
0.3408 0.0289003
0.341 0.0298435
0.3412 0.0308117
0.3414 0.0318052
0.3416 0.0328245
0.3418 0.0338702
0.342 0.0349426
0.3422 0.0360423
0.3424 0.0371696
0.3426 0.0383252
0.3428 0.0395094
0.343 0.0407228
0.3432 0.0419658
0.3434 0.043239
0.3436 0.0445427
0.3438 0.0458776
0.344 0.047244
0.3442 0.0486425
0.3444 0.0500736
0.3446 0.0515377
0.3448 0.0530354
0.345 0.0545671
0.3452 0.0561333
0.3454 0.0577346
0.3456 0.0593714
0.3458 0.0610441
0.346 0.0627534
0.3462 0.0644997
0.3464 0.0662834
0.3466 0.0681051
0.3468 0.0699653
0.347 0.0718643
0.3472 0.0738028
0.3474 0.0757813
0.3476 0.0778
0.3478 0.0798597
0.348 0.0819607
0.3482 0.0841035
0.3484 0.0862886
0.3486 0.0885164
0.3488 0.0907874
0.349 0.0931021
0.3492 0.095461
0.3494 0.0978644
0.3496 0.100313
0.3498 0.102807
0.35 0.105347
0.3502 0.107933
0.3504 0.110566
0.3506 0.113246
0.3508 0.115974
0.351 0.11875
0.3512 0.121575
0.3514 0.124448
0.3516 0.127371
0.3518 0.130344
0.352 0.133366
0.3522 0.136439
0.3524 0.139563
0.3526 0.142739
0.3528 0.145965
0.353 0.149244
0.3532 0.152576
0.3534 0.15596
0.3536 0.159397
0.3538 0.162887
0.354 0.166431
0.3542 0.170029
0.3544 0.173682
0.3546 0.177389
0.3548 0.181151
0.355 0.184969
0.3552 0.188842
0.3554 0.192771
0.3556 0.196755
0.3558 0.200797
0.356 0.204895
0.3562 0.20905
0.3564 0.213262
0.3566 0.217531
0.3568 0.221858
0.357 0.226243
0.3572 0.230686
0.3574 0.235186
0.3576 0.239746
0.3578 0.244364
0.358 0.24904
0.3582 0.253776
0.3584 0.25857
0.3586 0.263424
0.3588 0.268337
0.359 0.273309
0.3592 0.278341
0.3594 0.283433
0.3596 0.288584
0.3598 0.293796
0.36 0.299067
0.3602 0.162976
0.3604 0.109789
0.3606 0.0702911
0.3608 0.0379086
0.361 0.010095
0.3612 0.000399207
0.3614 0.000422544
0.3616 0.0004471
0.3618 0.000472929
0.362 0.000500089
0.3622 0.00052864
0.3624 0.000558644
0.3626 0.000590163
0.3628 0.000623265
0.363 0.000658018
0.3632 0.000694492
0.3634 0.000732762
0.3636 0.000772904
0.3638 0.000814995
0.364 0.000859118
0.3642 0.000905356
0.3644 0.000953797
0.3646 0.00100453
0.3648 0.00105765
0.365 0.00111325
0.3652 0.00117142
0.3654 0.00123228
0.3656 0.00129593
0.3658 0.00136247
0.366 0.00143201
0.3662 0.00176696
0.3664 0.00240159
0.3666 0.00300574
0.3668 0.00357975
0.367 0.00412394
0.3672 0.00463866
0.3674 0.00512424
0.3676 0.00558105
0.3678 0.00600943
0.368 0.00640976
0.3682 0.00678241
0.3684 0.00712775
0.3686 0.00744616
0.3688 0.00773804
0.369 0.00800377
0.3692 0.00824376
0.3694 0.00845841
0.3696 0.00864813
0.3698 0.00881333
0.37 0.00895443
0.3702 0.00907185
0.3704 0.00916602
0.3706 0.00923737
0.3708 0.00928634
0.371 0.00931336
0.3712 0.00931888
0.3714 0.00930333
0.3716 0.00926718
0.3718 0.00921086
0.372 0.00913485
0.3722 0.00903958
0.3724 0.00892553
0.3726 0.00879315
0.3728 0.00864291
0.373 0.00847528
0.3732 0.00829072
0.3734 0.0080897
0.3736 0.0078727
0.3738 0.00811486
0.374 0.00844229
0.3742 0.00878093
0.3744 0.00913108
0.3746 0.00949305
0.3748 0.00986715
0.375 0.0102537
0.3752 0.010653
0.3754 0.0110654
0.3756 0.0114913
0.3758 0.0119309
0.376 0.0123847
0.3762 0.0128529
0.3764 0.013336
0.3766 0.0138342
0.3768 0.014348
0.377 0.0148777
0.3772 0.0154237
0.3774 0.0159863
0.3776 0.0165661
0.3778 0.0171632
0.378 0.0177783
0.3782 0.0184115
0.3784 0.0190634
0.3786 0.0197343
0.3788 0.0204248
0.379 0.0211351
0.3792 0.0218656
0.3794 0.022617
0.3796 0.0233894
0.3798 0.0241835
0.38 0.0249996
0.3802 0.0258381
0.3804 0.0266996
0.3806 0.0275844
0.3808 0.0284931
0.381 0.029426
0.3812 0.0303836
0.3814 0.0313664
0.3816 0.0323749
0.3818 0.0334095
0.382 0.0344706
0.3822 0.0355589
0.3824 0.0366746
0.3826 0.0378184
0.3828 0.0389907
0.383 0.0401919
0.3832 0.0414226
0.3834 0.0426832
0.3836 0.0439742
0.3838 0.0452962
0.384 0.0466496
0.3842 0.0480348
0.3844 0.0494525
0.3846 0.050903
0.3848 0.0523868
0.385 0.0539046
0.3852 0.0554567
0.3854 0.0570436
0.3856 0.0586659
0.3858 0.0603239
0.386 0.0620184
0.3862 0.0637496
0.3864 0.0655181
0.3866 0.0673244
0.3868 0.069169
0.387 0.0710524
0.3872 0.072975
0.3874 0.0749373
0.3876 0.0769399
0.3878 0.0789831
0.388 0.0810675
0.3882 0.0831936
0.3884 0.0853618
0.3886 0.0875726
0.3888 0.0898264
0.389 0.0921238
0.3892 0.0944652
0.3894 0.0968509
0.3896 0.0992816
0.3898 0.101758
0.39 0.104279
0.3902 0.106847
0.3904 0.109462
0.3906 0.112124
0.3908 0.114833
0.391 0.117591
0.3912 0.120396
0.3914 0.123251
0.3916 0.126154
0.3918 0.129107
0.392 0.132111
0.3922 0.135164
0.3924 0.138269
0.3926 0.141424
0.3928 0.144631
0.393 0.14789
0.3932 0.151201
0.3934 0.154565
0.3936 0.157982
0.3938 0.161452
0.394 0.164976
0.3942 0.168553
0.3944 0.172185
0.3946 0.175872
0.3948 0.179613
0.395 0.18341
0.3952 0.187262
0.3954 0.19117
0.3956 0.195134
0.3958 0.199154
0.396 0.203231
0.3962 0.207365
0.3964 0.211556
0.3966 0.215804
0.3968 0.22011
0.397 0.224473
0.3972 0.228894
0.3974 0.233374
0.3976 0.237912
0.3978 0.242508
0.398 0.247164
0.3982 0.251878
0.3984 0.256651
0.3986 0.261483
0.3988 0.266374
0.399 0.271325
0.3992 0.276336
0.3994 0.281406
0.3996 0.286536
0.3998 0.291726
0.4 0.296976
0.4002 0.160864
0.4004 0.107655
0.4006 0.0681362
0.4008 0.0357325
0.401 0.00789762
0.4012 0.000390189
0.4014 0.000413062
0.4016 0.000437133
0.4018 0.000462457
0.402 0.000489089
0.4022 0.00051709
0.4024 0.000546519
0.4026 0.000577439
0.4028 0.000609917
0.403 0.000644019
0.4032 0.000679816
0.4034 0.00071738
0.4036 0.000756787
0.4038 0.000798114
0.404 0.000841441
0.4042 0.000886852
0.4044 0.000934432
0.4046 0.00098427
0.4048 0.00103646
0.405 0.00109109
0.4052 0.00114827
0.4054 0.00120808
0.4056 0.00127065
0.4058 0.00133607
0.406 0.00140445
0.4062 0.00147591
0.4064 0.00155057
0.4066 0.00162854
0.4068 0.00192442
0.407 0.00248633
0.4072 0.00301857
0.4074 0.00352148
0.4076 0.00399541
0.4078 0.00444072
0.408 0.00485776
0.4082 0.00524692
0.4084 0.00560856
0.4086 0.00594307
0.4088 0.00625083
0.409 0.00653224
0.4092 0.0067877
0.4094 0.0070176
0.4096 0.00722235
0.4098 0.00740237
0.41 0.00755808
0.4102 0.00768989
0.4104 0.00779824
0.4106 0.00788354
0.4108 0.00794625
0.411 0.00798678
0.4112 0.0080056
0.4114 0.00800313
0.4116 0.00797983
0.4118 0.00793615
0.412 0.00787255
0.4122 0.00778948
0.4124 0.0076874
0.4126 0.00756677
0.4128 0.00742806
0.413 0.00727173
0.4132 0.00709826
0.4134 0.00737978
0.4136 0.00768187
0.4138 0.00799448
0.414 0.00831789
0.4142 0.00865241
0.4144 0.00899834
0.4146 0.00935597
0.4148 0.00972562
0.415 0.0101076
0.4152 0.0105023
0.4154 0.0109099
0.4156 0.0113309
0.4158 0.0117655
0.416 0.0122141
0.4162 0.0126771
0.4164 0.0131547
0.4166 0.0136475
0.4168 0.0141556
0.417 0.0146796
0.4172 0.0152197
0.4174 0.0157763
0.4176 0.0163499
0.4178 0.0169408
0.418 0.0175494
0.4182 0.0181762
0.4184 0.0188214
0.4186 0.0194855
0.4188 0.020169
0.419 0.0208722
0.4192 0.0215955
0.4194 0.0223395
0.4196 0.0231044
0.4198 0.0238908
0.42 0.0246991
0.4202 0.0255297
0.4204 0.0263831
0.4206 0.0272597
0.4208 0.0281599
0.421 0.0290843
0.4212 0.0300332
0.4214 0.0310072
0.4216 0.0320067
0.4218 0.0330321
0.422 0.034084
0.4222 0.0351628
0.4224 0.0362689
0.4226 0.037403
0.4228 0.0385653
0.423 0.0397565
0.4232 0.040977
0.4234 0.0422272
0.4236 0.0435078
0.4238 0.0448191
0.424 0.0461616
0.4242 0.0475359
0.4244 0.0489424
0.4246 0.0503816
0.4248 0.051854
0.425 0.0533602
0.4252 0.0549005
0.4254 0.0564756
0.4256 0.0580858
0.4258 0.0597317
0.426 0.0614138
0.4262 0.0631325
0.4264 0.0648884
0.4266 0.0666819
0.4268 0.0685136
0.427 0.0703838
0.4272 0.0722932
0.4274 0.0742422
0.4276 0.0762313
0.4278 0.0782609
0.428 0.0803315
0.4282 0.0824437
0.4284 0.0845978
0.4286 0.0867944
0.4288 0.0890339
0.429 0.0913168
0.4292 0.0936436
0.4294 0.0960146
0.4296 0.0984304
0.4298 0.100891
0.43 0.103398
0.4302 0.105951
0.4304 0.10855
0.4306 0.111197
0.4308 0.11389
0.431 0.116632
0.4312 0.119422
0.4314 0.12226
0.4316 0.125148
0.4318 0.128085
0.432 0.131072
0.4322 0.134109
0.4324 0.137197
0.4326 0.140336
0.4328 0.143527
0.433 0.146769
0.4332 0.150063
0.4334 0.15341
0.4336 0.15681
0.4338 0.160263
0.434 0.16377
0.4342 0.16733
0.4344 0.170945
0.4346 0.174614
0.4348 0.178338
0.435 0.182118
0.4352 0.185952
0.4354 0.189843
0.4356 0.193789
0.4358 0.197792
0.436 0.201851
0.4362 0.205967
0.4364 0.21014
0.4366 0.21437
0.4368 0.218658
0.437 0.223003
0.4372 0.227407
0.4374 0.231868
0.4376 0.236388
0.4378 0.240966
0.438 0.245603
0.4382 0.250299
0.4384 0.255054
0.4386 0.259869
0.4388 0.264742
0.439 0.269675
0.4392 0.274667
0.4394 0.279719
0.4396 0.284831
0.4398 0.290003
0.44 0.295235
0.4402 0.159105
0.4404 0.105878
0.4406 0.0663411
0.4408 0.0339195
0.441 0.00606665
0.4412 0.0003828
0.4414 0.000405292
0.4416 0.000428964
0.4418 0.000453871
0.442 0.000480069
0.4422 0.000507616
0.4424 0.000536571
0.4426 0.000566998
0.4428 0.000598961
0.443 0.000632526
0.4432 0.000667764
0.4434 0.000704746
0.4436 0.000743546
0.4438 0.000784242
0.444 0.000826912
0.4442 0.000871639
0.4444 0.000918509
0.4446 0.000967608
0.4448 0.00101903
0.445 0.00107286
0.4452 0.00112921
0.4454 0.00118816
0.4456 0.00124983
0.4458 0.00131432
0.446 0.00138174
0.4462 0.00145221
0.4464 0.00152583
0.4466 0.00160273
0.4468 0.00168303
0.447 0.00176686
0.4472 0.00185435
0.4474 0.00214605
0.4476 0.00263423
0.4478 0.00309362
0.448 0.00352458
0.4482 0.00392748
0.4484 0.0043027
0.4486 0.00465061
0.4488 0.0049716
0.449 0.00526607
0.4492 0.0055344
0.4494 0.005777
0.4496 0.00599429
0.4498 0.00618666
0.45 0.00635453
0.4502 0.00649834
0.4504 0.0066185
0.4506 0.00671543
0.4508 0.00678959
0.451 0.00684139
0.4512 0.00687129
0.4514 0.00687973
0.4516 0.00686715
0.4518 0.00683401
0.452 0.00678076
0.4522 0.00670786
0.4524 0.00661577
0.4526 0.00650495
0.4528 0.00644936
0.453 0.00671866
0.4532 0.00699755
0.4534 0.00728631
0.4536 0.00758522
0.4538 0.00789456
0.454 0.00821462
0.4542 0.0085457
0.4544 0.00888809
0.4546 0.0092421
0.4548 0.00960804
0.455 0.00998622
0.4552 0.010377
0.4554 0.0107806
0.4556 0.0111975
0.4558 0.0116279
0.456 0.0120722
0.4562 0.0125308
0.4564 0.013004
0.4566 0.0134921
0.4568 0.0139955
0.457 0.0145147
0.4572 0.0150499
0.4574 0.0156015
0.4576 0.0161699
0.4578 0.0167556
0.458 0.0173588
0.4582 0.01798
0.4584 0.0186197
0.4586 0.0192781
0.4588 0.0199557
0.459 0.020653
0.4592 0.0213703
0.4594 0.022108
0.4596 0.0228667
0.4598 0.0236466
0.46 0.0244484
0.4602 0.0252723
0.4604 0.0261189
0.4606 0.0269885
0.4608 0.0278817
0.461 0.0287989
0.4612 0.0297405
0.4614 0.0307071
0.4616 0.031699
0.4618 0.0327167
0.462 0.0337608
0.4622 0.0348316
0.4624 0.0359297
0.4626 0.0370555
0.4628 0.0382095
0.463 0.0393922
0.4632 0.0406041
0.4634 0.0418456
0.4636 0.0431173
0.4638 0.0444195
0.464 0.045753
0.4642 0.047118
0.4644 0.0485151
0.4646 0.0499448
0.4648 0.0514076
0.465 0.0529039
0.4652 0.0544344
0.4654 0.0559993
0.4656 0.0575994
0.4658 0.059235
0.466 0.0609066
0.4662 0.0626148
0.4664 0.06436
0.4666 0.0661427
0.4668 0.0679634
0.467 0.0698226
0.4672 0.0717208
0.4674 0.0736585
0.4676 0.0756361
0.4678 0.0776542
0.468 0.0797132
0.4682 0.0818135
0.4684 0.0839557
0.4686 0.0861403
0.4688 0.0883677
0.469 0.0906383
0.4692 0.0929527
0.4694 0.0953113
0.4696 0.0977145
0.4698 0.100163
0.47 0.102657
0.4702 0.105197
0.4704 0.107783
0.4706 0.110416
0.4708 0.113097
0.471 0.115825
0.4712 0.118601
0.4714 0.121426
0.4716 0.1243
0.4718 0.127224
0.472 0.130197
0.4722 0.13322
0.4724 0.136294
0.4726 0.139419
0.4728 0.142596
0.473 0.145824
0.4732 0.149104
0.4734 0.152436
0.4736 0.155822
0.4738 0.15926
0.474 0.162752
0.4742 0.166298
0.4744 0.169898
0.4746 0.173552
0.4748 0.177262
0.475 0.181026
0.4752 0.184846
0.4754 0.188721
0.4756 0.192652
0.4758 0.19664
0.476 0.200684
0.4762 0.204785
0.4764 0.208942
0.4766 0.213157
0.4768 0.21743
0.477 0.22176
0.4772 0.226148
0.4774 0.230594
0.4776 0.235099
0.4778 0.239662
0.478 0.244283
0.4782 0.248964
0.4784 0.253703
0.4786 0.258502
0.4788 0.26336
0.479 0.268277
0.4792 0.273254
0.4794 0.278291
0.4796 0.283387
0.4798 0.288543
0.48 0.29376
0.4802 0.157614
0.4804 0.104372
0.4806 0.0648195
0.4808 0.0323824
0.481 0.00451416
0.4812 0.000376624
0.4814 0.000398795
0.4816 0.000422133
0.4818 0.00044669
0.482 0.000472523
0.4822 0.000499689
0.4824 0.000528247
0.4826 0.000558258
0.4828 0.000589789
0.483 0.000622903
0.4832 0.000657671
0.4834 0.000694163
0.4836 0.000732453
0.4838 0.000772617
0.484 0.000814735
0.4842 0.000858887
0.4844 0.000905158
0.4846 0.000953634
0.4848 0.00100441
0.485 0.00105757
0.4852 0.00111322
0.4854 0.00117145
0.4856 0.00123236
0.4858 0.00129607
0.486 0.00136268
0.4862 0.0014323
0.4864 0.00150505
0.4866 0.00158104
0.4868 0.0016604
0.487 0.00174326
0.4872 0.00182974
0.4874 0.00191999
0.4876 0.00201412
0.4878 0.00211229
0.488 0.00236533
0.4882 0.00277988
0.4884 0.00316661
0.4886 0.0035259
0.4888 0.00385811
0.489 0.00416365
0.4892 0.00444292
0.4894 0.0046963
0.4896 0.00492422
0.4898 0.00512707
0.49 0.00530529
0.4902 0.00545927
0.4904 0.00558946
0.4906 0.00569628
0.4908 0.00578015
0.491 0.00584153
0.4912 0.00588085
0.4914 0.00589855
0.4916 0.00589509
0.4918 0.0058709
0.492 0.00582645
0.4922 0.0057622
0.4924 0.00587198
0.4926 0.00612053
0.4928 0.00637808
0.493 0.00664488
0.4932 0.00692121
0.4934 0.00720734
0.4936 0.00750355
0.4938 0.00781012
0.494 0.00812733
0.4942 0.00845548
0.4944 0.00879487
0.4946 0.00914581
0.4948 0.00950859
0.495 0.00988354
0.4952 0.010271
0.4954 0.0106712
0.4956 0.0110846
0.4958 0.0115114
0.496 0.0119521
0.4962 0.0124069
0.4964 0.0128763
0.4966 0.0133605
0.4968 0.0138599
0.497 0.014375
0.4972 0.014906
0.4974 0.0154533
0.4976 0.0160174
0.4978 0.0165985
0.498 0.0171972
0.4982 0.0178137
0.4984 0.0184486
0.4986 0.0191021
0.4988 0.0197748
0.499 0.020467
0.4992 0.0211791
0.4994 0.0219116
0.4996 0.0226648
0.4998 0.0234393
0.5 0.0242355
0.5002 0.0250537
0.5004 0.0258944
0.5006 0.0267582
0.5008 0.0276453
0.501 0.0285564
0.5012 0.0294918
0.5014 0.030452
0.5016 0.0314374
0.5018 0.0324486
0.502 0.0334859
0.5022 0.03455
0.5024 0.0356411
0.5026 0.0367599
0.5028 0.0379068
0.503 0.0390822
0.5032 0.0402868
0.5034 0.0415208
0.5036 0.0427849
0.5038 0.0440795
0.504 0.045405
0.5042 0.0467621
0.5044 0.0481512
0.5046 0.0495727
0.5048 0.0510272
0.505 0.0525152
0.5052 0.0540371
0.5054 0.0555935
0.5056 0.0571848
0.5058 0.0588116
0.506 0.0604743
0.5062 0.0621734
0.5064 0.0639094
0.5066 0.0656829
0.5068 0.0674942
0.507 0.0693439
0.5072 0.0712325
0.5074 0.0731605
0.5076 0.0751283
0.5078 0.0771364
0.508 0.0791853
0.5082 0.0812755
0.5084 0.0834075
0.5086 0.0855817
0.5088 0.0877987
0.509 0.0900587
0.5092 0.0923625
0.5094 0.0947103
0.5096 0.0971027
0.5098 0.0995401
0.51 0.102023
0.5102 0.104552
0.5104 0.107127
0.5106 0.109749
0.5108 0.112418
0.511 0.115135
0.5112 0.1179
0.5114 0.120713
0.5116 0.123575
0.5118 0.126487
0.512 0.129448
0.5122 0.132459
0.5124 0.135521
0.5126 0.138634
0.5128 0.141798
0.513 0.145014
0.5132 0.148282
0.5134 0.151602
0.5136 0.154975
0.5138 0.158401
0.514 0.16188
0.5142 0.165413
0.5144 0.169001
0.5146 0.172642
0.5148 0.176339
0.515 0.18009
0.5152 0.183897
0.5154 0.187759
0.5156 0.191678
0.5158 0.195652
0.516 0.199683
0.5162 0.203771
0.5164 0.207915
0.5166 0.212117
0.5168 0.216376
0.517 0.220693
0.5172 0.225068
0.5174 0.229501
0.5176 0.233992
0.5178 0.238541
0.518 0.24315
0.5182 0.247817
0.5184 0.252543
0.5186 0.257328
0.5188 0.262172
0.519 0.267076
0.5192 0.27204
0.5194 0.277063
0.5196 0.282146
0.5198 0.287288
0.52 0.292491
0.5202 0.156333
0.5204 0.103077
0.5206 0.0635108
0.5208 0.0310602
0.521 0.00317859
0.5212 0.000371375
0.5214 0.000393273
0.5216 0.000416325
0.5218 0.000440584
0.522 0.000466106
0.5222 0.000492946
0.5224 0.000521165
0.5226 0.000550822
0.5228 0.000581983
0.523 0.000614712
0.5232 0.000649078
0.5234 0.000685152
0.5236 0.000723006
0.5238 0.000762717
0.524 0.000804362
0.5242 0.000848022
0.5244 0.000893781
0.5246 0.000941726
0.5248 0.000991946
0.525 0.00104453
0.5252 0.00109958
0.5254 0.00115719
0.5256 0.00121746
0.5258 0.0012805
0.526 0.00134641
0.5262 0.00141531
0.5264 0.00148731
0.5266 0.00156253
0.5268 0.00164109
0.527 0.00172312
0.5272 0.00180873
0.5274 0.00189808
0.5276 0.00199129
0.5278 0.00208851
0.528 0.00218987
0.5282 0.00229553
0.5284 0.00240563
0.5286 0.00253688
0.5288 0.00287876
0.529 0.00319384
0.5292 0.00348251
0.5294 0.00374518
0.5296 0.00398225
0.5298 0.00419414
0.53 0.00438125
0.5302 0.00454401
0.5304 0.00468284
0.5306 0.00479816
0.5308 0.00489042
0.531 0.00496005
0.5312 0.00500749
0.5314 0.00503318
0.5316 0.00503757
0.5318 0.00512656
0.532 0.00534776
0.5322 0.00557716
0.5324 0.00581499
0.5326 0.00606151
0.5328 0.00631697
0.533 0.00658163
0.5332 0.00685575
0.5334 0.00713962
0.5336 0.0074335
0.5338 0.00773768
0.534 0.00805244
0.5342 0.00837807
0.5344 0.00871488
0.5346 0.00906316
0.5348 0.00942322
0.535 0.00979538
0.5352 0.01018
0.5354 0.0105773
0.5356 0.0109876
0.5358 0.0114114
0.536 0.0118489
0.5362 0.0123005
0.5364 0.0127666
0.5366 0.0132474
0.5368 0.0137434
0.537 0.0142549
0.5372 0.0147822
0.5374 0.0153259
0.5376 0.0158862
0.5378 0.0164635
0.538 0.0170582
0.5382 0.0176707
0.5384 0.0183014
0.5386 0.0189508
0.5388 0.0196191
0.539 0.0203069
0.5392 0.0210145
0.5394 0.0217425
0.5396 0.0224911
0.5398 0.0232608
0.54 0.0240521
0.5402 0.0248654
0.5404 0.0257011
0.5406 0.0265597
0.5408 0.0274417
0.541 0.0283474
0.5412 0.0292774
0.5414 0.0302321
0.5416 0.0312119
0.5418 0.0322174
0.542 0.033249
0.5422 0.0343071
0.5424 0.0353923
0.5426 0.036505
0.5428 0.0376457
0.543 0.0388148
0.5432 0.040013
0.5434 0.0412405
0.5436 0.042498
0.5438 0.0437859
0.544 0.0451047
0.5442 0.0464549
0.5444 0.047837
0.5446 0.0492515
0.5448 0.0506988
0.545 0.0521795
0.5452 0.053694
0.5454 0.0552429
0.5456 0.0568267
0.5458 0.0584458
0.546 0.0601007
0.5462 0.0617919
0.5464 0.06352
0.5466 0.0652853
0.5468 0.0670885
0.547 0.06893
0.5472 0.0708102
0.5474 0.0727297
0.5476 0.074689
0.5478 0.0766884
0.548 0.0787286
0.5482 0.08081
0.5484 0.0829331
0.5486 0.0850983
0.5488 0.0873062
0.549 0.0895571
0.5492 0.0918515
0.5494 0.09419
0.5496 0.096573
0.5498 0.0990008
0.55 0.101474
0.5502 0.103993
0.5504 0.106559
0.5506 0.109171
0.5508 0.11183
0.551 0.114537
0.5512 0.117291
0.5514 0.120095
0.5516 0.122947
0.5518 0.125848
0.552 0.128799
0.5522 0.1318
0.5524 0.134851
0.5526 0.137953
0.5528 0.141107
0.553 0.144312
0.5532 0.147569
0.5534 0.150878
0.5536 0.15424
0.5538 0.157655
0.554 0.161124
0.5542 0.164646
0.5544 0.168222
0.5546 0.171852
0.5548 0.175538
0.555 0.179278
0.5552 0.183073
0.5554 0.186924
0.5556 0.190831
0.5558 0.194794
0.556 0.198813
0.5562 0.20289
0.5564 0.207023
0.5566 0.211213
0.5568 0.21546
0.557 0.219766
0.5572 0.224129
0.5574 0.22855
0.5576 0.233029
0.5578 0.237567
0.558 0.242164
0.5582 0.246819
0.5584 0.251533
0.5586 0.256306
0.5588 0.261139
0.559 0.266031
0.5592 0.270983
0.5594 0.275994
0.5596 0.281065
0.5598 0.286196
0.56 0.291387
0.5602 0.155217
0.5604 0.101949
0.5606 0.0623712
0.5608 0.0299089
0.561 0.00201546
0.5612 0.000366852
0.5614 0.000388514
0.5616 0.000411319
0.5618 0.00043532
0.562 0.000460572
0.5622 0.000487131
0.5624 0.000515056
0.5626 0.000544408
0.5628 0.000575249
0.563 0.000607645
0.5632 0.000641664
0.5634 0.000677375
0.5636 0.000714852
0.5638 0.00075417
0.564 0.000795406
0.5642 0.00083864
0.5644 0.000883956
0.5646 0.00093144
0.5648 0.00098118
0.565 0.00103327
0.5652 0.0010878
0.5654 0.00114487
0.5656 0.00120458
0.5658 0.00126704
0.566 0.00133235
0.5662 0.00140063
0.5664 0.00147198
0.5666 0.00154652
0.5668 0.00162438
0.567 0.00170569
0.5672 0.00179056
0.5674 0.00187913
0.5676 0.00197153
0.5678 0.00206791
0.568 0.00216841
0.5682 0.00227318
0.5684 0.00238237
0.5686 0.00249612
0.5688 0.00261462
0.569 0.00273801
0.5692 0.00286646
0.5694 0.00300015
0.5696 0.00314565
0.5698 0.00336541
0.57 0.00356027
0.5702 0.00373068
0.5704 0.00387704
0.5706 0.00399979
0.5708 0.00409936
0.571 0.00428048
0.5712 0.00446983
0.5714 0.0046664
0.5716 0.00487041
0.5718 0.00508209
0.572 0.00530168
0.5722 0.0055294
0.5724 0.00576552
0.5726 0.00601027
0.5728 0.00626391
0.573 0.0065267
0.5732 0.00679891
0.5734 0.0070808
0.5736 0.00737266
0.5738 0.00767475
0.574 0.00798737
0.5742 0.00831081
0.5744 0.00864536
0.5746 0.00899133
0.5748 0.00934902
0.575 0.00971875
0.5752 0.0101008
0.5754 0.0104956
0.5756 0.0109033
0.5758 0.0113244
0.576 0.0117592
0.5762 0.012208
0.5764 0.0126711
0.5766 0.013149
0.5768 0.013642
0.577 0.0141504
0.5772 0.0146746
0.5774 0.015215
0.5776 0.0157719
0.5778 0.0163459
0.578 0.0169371
0.5782 0.0175461
0.5784 0.0181732
0.5786 0.0188189
0.5788 0.0194835
0.579 0.0201675
0.5792 0.0208712
0.5794 0.0215951
0.5796 0.0223396
0.5798 0.0231052
0.58 0.0238923
0.5802 0.0247013
0.5804 0.0255326
0.5806 0.0263867
0.5808 0.0272641
0.581 0.0281652
0.5812 0.0290904
0.5814 0.0300403
0.5816 0.0310153
0.5818 0.0320157
0.582 0.0330422
0.5822 0.0340952
0.5824 0.0351751
0.5826 0.0362825
0.5828 0.0374178
0.583 0.0385814
0.5832 0.0397739
0.5834 0.0409958
0.5836 0.0422475
0.5838 0.0435296
0.584 0.0448424
0.5842 0.0461866
0.5844 0.0475625
0.5846 0.0489708
0.5848 0.0504118
0.585 0.0518861
0.5852 0.0533942
0.5854 0.0549365
0.5856 0.0565136
0.5858 0.0581259
0.586 0.059774
0.5862 0.0614584
0.5864 0.0631794
0.5866 0.0649377
0.5868 0.0667337
0.587 0.0685679
0.5872 0.0704408
0.5874 0.0723529
0.5876 0.0743046
0.5878 0.0762965
0.588 0.078329
0.5882 0.0804027
0.5884 0.0825179
0.5886 0.0846752
0.5888 0.086875
0.589 0.0891179
0.5892 0.0914042
0.5894 0.0937344
0.5896 0.0961091
0.5898 0.0985285
0.59 0.100993
0.5902 0.103504
0.5904 0.106061
0.5906 0.108664
0.5908 0.111314
0.591 0.114012
0.5912 0.116758
0.5914 0.119553
0.5916 0.122396
0.5918 0.125288
0.592 0.128229
0.5922 0.131221
0.5924 0.134263
0.5926 0.137356
0.5928 0.1405
0.593 0.143696
0.5932 0.146943
0.5934 0.150243
0.5936 0.153596
0.5938 0.157001
0.594 0.16046
0.5942 0.163972
0.5944 0.167538
0.5946 0.171159
0.5948 0.174834
0.595 0.178564
0.5952 0.18235
0.5954 0.186191
0.5956 0.190088
0.5958 0.194041
0.596 0.19805
0.5962 0.202116
0.5964 0.206239
0.5966 0.210419
0.5968 0.214656
0.597 0.218951
0.5972 0.223304
0.5974 0.227714
0.5976 0.232183
0.5978 0.236711
0.598 0.241297
0.5982 0.245942
0.5984 0.250646
0.5986 0.255409
0.5988 0.260231
0.599 0.265112
0.5992 0.270054
0.5994 0.275054
0.5996 0.280115
0.5998 0.285235
0.6 0.290416
0.6002 0.154235
0.6004 0.100957
0.6006 0.0613685
0.6008 0.0288957
0.601 0.000991835
0.6012 0.000362907
0.6014 0.000384363
0.6016 0.000406952
0.6018 0.000430728
0.602 0.000455745
0.6022 0.000482058
0.6024 0.000509726
0.6026 0.000538809
0.6028 0.000569371
0.603 0.000601475
0.6032 0.00063519
0.6034 0.000670585
0.6036 0.000707731
0.6038 0.000746705
0.604 0.000787582
0.6042 0.000830444
0.6044 0.000875372
0.6046 0.000922452
0.6048 0.000971772
0.605 0.00102342
0.6052 0.0010775
0.6054 0.0011341
0.6056 0.00119332
0.6058 0.00125527
0.606 0.00132006
0.6062 0.00138778
0.6064 0.00145856
0.6066 0.00153252
0.6068 0.00160977
0.607 0.00169044
0.6072 0.00177465
0.6074 0.00186254
0.6076 0.00195424
0.6078 0.00204989
0.608 0.00214963
0.6082 0.00225362
0.6084 0.00236199
0.6086 0.00247491
0.6088 0.00259254
0.609 0.00271503
0.6092 0.00284256
0.6094 0.0029753
0.6096 0.00311342
0.6098 0.00325711
0.61 0.00340654
0.6102 0.00356192
0.6104 0.00372343
0.6106 0.00389127
0.6108 0.00406565
0.611 0.00424678
0.6112 0.00443486
0.6114 0.00463013
0.6116 0.00483279
0.6118 0.00504309
0.612 0.00526125
0.6122 0.0054875
0.6124 0.00572211
0.6126 0.0059653
0.6128 0.00621735
0.613 0.00647849
0.6132 0.00674901
0.6134 0.00702917
0.6136 0.00731923
0.6138 0.00761949
0.614 0.00793023
0.6142 0.00825174
0.6144 0.0085843
0.6146 0.00892824
0.6148 0.00928384
0.615 0.00965142
0.6152 0.0100313
0.6154 0.0104238
0.6156 0.0108292
0.6158 0.011248
0.616 0.0116803
0.6162 0.0121266
0.6164 0.0125872
0.6166 0.0130625
0.6168 0.0135528
0.617 0.0140585
0.6172 0.0145799
0.6174 0.0151174
0.6176 0.0156715
0.6178 0.0162424
0.618 0.0168306
0.6182 0.0174365
0.6184 0.0180604
0.6186 0.0187028
0.6188 0.0193641
0.619 0.0200447
0.6192 0.020745
0.6194 0.0214654
0.6196 0.0222063
0.6198 0.0229682
0.62 0.0237515
0.6202 0.0245567
0.6204 0.0253841
0.6206 0.0262343
0.6208 0.0271077
0.621 0.0280046
0.6212 0.0289257
0.6214 0.0298713
0.6216 0.0308419
0.6218 0.031838
0.622 0.03286
0.6222 0.0339084
0.6224 0.0349837
0.6226 0.0360863
0.6228 0.0372168
0.623 0.0383756
0.6232 0.0395631
0.6234 0.04078
0.6236 0.0420266
0.6238 0.0433034
0.624 0.044611
0.6242 0.0459498
0.6244 0.0473204
0.6246 0.0487231
0.6248 0.0501585
0.625 0.0516272
0.6252 0.0531295
0.6254 0.054666
0.6256 0.0562372
0.6258 0.0578436
0.626 0.0594856
0.6262 0.0611638
0.6264 0.0628786
0.6266 0.0646306
0.6268 0.0664203
0.627 0.068248
0.6272 0.0701144
0.6274 0.0720199
0.6276 0.073965
0.6278 0.0759501
0.628 0.0779759
0.6282 0.0800426
0.6284 0.0821509
0.6286 0.0843012
0.6288 0.0864939
0.629 0.0887295
0.6292 0.0910086
0.6294 0.0933315
0.6296 0.0956988
0.6298 0.0981108
0.63 0.100568
0.6302 0.103071
0.6304 0.10562
0.6306 0.108216
0.6308 0.110859
0.631 0.113549
0.6312 0.116287
0.6314 0.119073
0.6316 0.121908
0.6318 0.124792
0.632 0.127726
0.6322 0.130709
0.6324 0.133743
0.6326 0.136828
0.6328 0.139963
0.633 0.143151
0.6332 0.14639
0.6334 0.149681
0.6336 0.153025
0.6338 0.156421
0.634 0.159871
0.6342 0.163375
0.6344 0.166933
0.6346 0.170544
0.6348 0.174211
0.635 0.177932
0.6352 0.181709
0.6354 0.185541
0.6356 0.189429
0.6358 0.193373
0.636 0.197373
0.6362 0.20143
0.6364 0.205543
0.6366 0.209714
0.6368 0.213942
0.637 0.218228
0.6372 0.222572
0.6374 0.226973
0.6376 0.231433
0.6378 0.235951
0.638 0.240528
0.6382 0.245164
0.6384 0.249858
0.6386 0.254612
0.6388 0.259425
0.639 0.264297
0.6392 0.269229
0.6394 0.27422
0.6396 0.279271
0.6398 0.284382
0.64 0.289553
0.6402 0.153363
0.6404 0.100076
0.6406 0.0604781
0.6408 0.027996
0.641 0.000339235
0.6412 0.000359433
0.6414 0.000380706
0.6416 0.000403105
0.6418 0.000426682
0.642 0.00045149
0.6422 0.000477586
0.6424 0.000505027
0.6426 0.000533874
0.6428 0.000564188
0.643 0.000596035
0.6432 0.000629481
0.6434 0.000664596
0.6436 0.00070145
0.6438 0.00074012
0.644 0.000780681
0.6442 0.000823212
0.6444 0.000867797
0.6446 0.00091452
0.6448 0.000963469
0.645 0.00101473
0.6452 0.00106841
0.6454 0.00112459
0.6456 0.00118338
0.6458 0.00124488
0.646 0.0013092
0.6462 0.00137644
0.6464 0.00144671
0.6466 0.00152015
0.6468 0.00159686
0.647 0.00167696
0.6472 0.00176059
0.6474 0.00184788
0.6476 0.00193895
0.6478 0.00203396
0.648 0.00213303
0.6482 0.00223632
0.6484 0.00234398
0.6486 0.00245616
0.6488 0.00257302
0.649 0.00269472
0.6492 0.00282142
0.6494 0.00295331
0.6496 0.00309056
0.6498 0.00323334
0.65 0.00338184
0.6502 0.00353625
0.6504 0.00369677
0.6506 0.00386359
0.6508 0.00403691
0.651 0.00421694
0.6512 0.00440391
0.6514 0.00459801
0.6516 0.00479948
0.6518 0.00500855
0.652 0.00522544
0.6522 0.00545039
0.6524 0.00568366
0.6526 0.00592547
0.6528 0.00617609
0.653 0.00643578
0.6532 0.0067048
0.6534 0.00698341
0.6536 0.00727189
0.6538 0.00757052
0.654 0.00787958
0.6542 0.00819937
0.6544 0.00853017
0.6546 0.00887229
0.6548 0.00922604
0.655 0.00959171
0.6552 0.00996964
0.6554 0.0103601
0.6556 0.0107635
0.6558 0.0111801
0.656 0.0116103
0.6562 0.0120544
0.6564 0.0125128
0.6566 0.0129857
0.6568 0.0134736
0.657 0.0139769
0.6572 0.0144958
0.6574 0.0150308
0.6576 0.0155823
0.6578 0.0161506
0.658 0.0167361
0.6582 0.0173392
0.6584 0.0179603
0.6586 0.0185998
0.6588 0.0192581
0.659 0.0199357
0.6592 0.0206329
0.6594 0.0213501
0.6596 0.0220878
0.6598 0.0228465
0.66 0.0236265
0.6602 0.0244282
0.6604 0.0252522
0.6606 0.0260988
0.6608 0.0269686
0.661 0.0278619
0.6612 0.0287792
0.6614 0.029721
0.6616 0.0306878
0.6618 0.0316799
0.662 0.0326979
0.6622 0.0337423
0.6624 0.0348134
0.6626 0.0359118
0.6628 0.037038
0.663 0.0381924
0.6632 0.0393756
0.6634 0.0405879
0.6636 0.04183
0.6638 0.0431022
0.664 0.0444051
0.6642 0.0457391
0.6644 0.0471048
0.6646 0.0485026
0.6648 0.0499331
0.665 0.0513966
0.6652 0.0528938
0.6654 0.0544252
0.6656 0.0559911
0.6658 0.0575921
0.666 0.0592287
0.6662 0.0609014
0.6664 0.0626107
0.6666 0.0643571
0.6668 0.0661411
0.667 0.0679631
0.6672 0.0698236
0.6674 0.0717232
0.6676 0.0736623
0.6678 0.0756415
0.668 0.0776611
0.6682 0.0797217
0.6684 0.0818237
0.6686 0.0839677
0.6688 0.0861541
0.669 0.0883833
0.6692 0.0906559
0.6694 0.0929723
0.6696 0.0953329
0.6698 0.0977383
0.67 0.100189
0.6702 0.102685
0.6704 0.105227
0.6706 0.107816
0.6708 0.110452
0.671 0.113135
0.6712 0.115866
0.6714 0.118645
0.6716 0.121473
0.6718 0.12435
0.672 0.127276
0.6722 0.130252
0.6724 0.133279
0.6726 0.136356
0.6728 0.139484
0.673 0.142664
0.6732 0.145895
0.6734 0.149179
0.6736 0.152515
0.6738 0.155904
0.674 0.159346
0.6742 0.162842
0.6744 0.166392
0.6746 0.169996
0.6748 0.173654
0.675 0.177367
0.6752 0.181136
0.6754 0.18496
0.6756 0.18884
0.6758 0.192776
0.676 0.196768
0.6762 0.200817
0.6764 0.204922
0.6766 0.209085
0.6768 0.213305
0.677 0.217582
0.6772 0.221917
0.6774 0.226311
0.6776 0.230762
0.6778 0.235272
0.678 0.23984
0.6782 0.244468
0.6784 0.249154
0.6786 0.253899
0.6788 0.258703
0.679 0.263567
0.6792 0.268491
0.6794 0.273474
0.6796 0.278517
0.6798 0.283619
0.68 0.288782
0.6802 0.152583
0.6804 0.0992872
0.6806 0.0596812
0.6808 0.0271906
0.681 0.000336303
0.6812 0.000356345
0.6814 0.000377456
0.6816 0.000399685
0.6818 0.000423085
0.682 0.000447708
0.6822 0.00047361
0.6824 0.000500849
0.6826 0.000529485
0.6828 0.000559579
0.683 0.000591196
0.6832 0.000624403
0.6834 0.000659268
0.6836 0.000695862
0.6838 0.00073426
0.684 0.000774539
0.6842 0.000816777
0.6844 0.000861055
0.6846 0.00090746
0.6848 0.000956077
0.685 0.001007
0.6852 0.00106032
0.6854 0.00111613
0.6856 0.00117453
0.6858 0.00123563
0.686 0.00129952
0.6862 0.00136633
0.6864 0.00143616
0.6866 0.00150913
0.6868 0.00158535
0.687 0.00166495
0.6872 0.00174806
0.6874 0.00183481
0.6876 0.00192533
0.6878 0.00201976
0.688 0.00211823
0.6882 0.0022209
0.6884 0.00232792
0.6886 0.00243943
0.6888 0.00255561
0.689 0.0026766
0.6892 0.00280257
0.6894 0.0029337
0.6896 0.00307017
0.6898 0.00321214
0.69 0.00335981
0.6902 0.00351336
0.6904 0.00367298
0.6906 0.00383888
0.6908 0.00401126
0.691 0.00419032
0.6912 0.00437627
0.6914 0.00456934
0.6916 0.00476975
0.6918 0.00497771
0.692 0.00519347
0.6922 0.00541726
0.6924 0.00564932
0.6926 0.0058899
0.6928 0.00613925
0.693 0.00639763
0.6932 0.0066653
0.6934 0.00694253
0.6936 0.00722959
0.6938 0.00752676
0.694 0.00783433
0.6942 0.00815257
0.6944 0.00848179
0.6946 0.00882229
0.6948 0.00917437
0.695 0.00953834
0.6952 0.00991451
0.6954 0.0103032
0.6956 0.0107048
0.6958 0.0111195
0.696 0.0115477
0.6962 0.0119899
0.6964 0.0124462
0.6966 0.012917
0.6968 0.0134028
0.697 0.0139039
0.6972 0.0144206
0.6974 0.0149533
0.6976 0.0155025
0.6978 0.0160684
0.698 0.0166514
0.6982 0.017252
0.6984 0.0178706
0.6986 0.0185075
0.6988 0.0191632
0.699 0.019838
0.6992 0.0205325
0.6994 0.0212469
0.6996 0.0219818
0.6998 0.0227375
0.7 0.0235145
0.7002 0.0243132
0.7004 0.025134
0.7006 0.0259775
0.7008 0.026844
0.701 0.027734
0.7012 0.028648
0.7014 0.0295864
0.7016 0.0305497
0.7018 0.0315383
0.702 0.0325527
0.7022 0.0335933
0.7024 0.0346608
0.7026 0.0357554
0.7028 0.0368777
0.703 0.0380282
0.7032 0.0392074
0.7034 0.0404157
0.7036 0.0416537
0.7038 0.0429217
0.704 0.0442204
0.7042 0.0455501
0.7044 0.0469114
0.7046 0.0483048
0.7048 0.0497308
0.705 0.0511898
0.7052 0.0526824
0.7054 0.054209
0.7056 0.0557702
0.7058 0.0573664
0.706 0.0589982
0.7062 0.060666
0.7064 0.0623703
0.7066 0.0641116
0.7068 0.0658904
0.707 0.0677073
0.7072 0.0695626
0.7074 0.0714569
0.7076 0.0733906
0.7078 0.0753643
0.708 0.0773784
0.7082 0.0794335
0.7084 0.0815299
0.7086 0.0836682
0.7088 0.0858489
0.709 0.0880723
0.7092 0.0903391
0.7094 0.0926496
0.7096 0.0950042
0.7098 0.0974036
0.71 0.0998481
0.7102 0.102338
0.7104 0.104874
0.7106 0.107457
0.7108 0.110086
0.711 0.112763
0.7112 0.115487
0.7114 0.11826
0.7116 0.121081
0.7118 0.123952
0.712 0.126872
0.7122 0.129841
0.7124 0.132861
0.7126 0.135931
0.7128 0.139053
0.713 0.142226
0.7132 0.14545
0.7134 0.148727
0.7136 0.152056
0.7138 0.155438
0.714 0.158873
0.7142 0.162362
0.7144 0.165905
0.7146 0.169502
0.7148 0.173153
0.715 0.176859
0.7152 0.180621
0.7154 0.184437
0.7156 0.18831
0.7158 0.192238
0.716 0.196223
0.7162 0.200264
0.7164 0.204363
0.7166 0.208518
0.7168 0.21273
0.717 0.217
0.7172 0.221328
0.7174 0.225714
0.7176 0.230158
0.7178 0.23466
0.718 0.239221
0.7182 0.243841
0.7184 0.248519
0.7186 0.253257
0.7188 0.258054
0.719 0.26291
0.7192 0.267826
0.7194 0.272801
0.7196 0.277836
0.7198 0.282931
0.72 0.288086
0.7202 0.15188
0.7204 0.0985765
0.7206 0.0589628
0.7208 0.0264646
0.721 0.000333676
0.7212 0.000353579
0.7214 0.000374545
0.7216 0.000396622
0.7218 0.000419862
0.722 0.000444319
0.7222 0.000470048
0.7224 0.000497105
0.7226 0.000525552
0.7228 0.000555448
0.723 0.000586859
0.7232 0.000619851
0.7234 0.000654491
0.7236 0.000690852
0.7238 0.000729007
0.724 0.000769032
0.7242 0.000811005
0.7244 0.000855009
0.7246 0.000901128
0.7248 0.000949447
0.725 0.00100006
0.7252 0.00105305
0.7254 0.00110853
0.7256 0.00116658
0.7258 0.00122732
0.726 0.00129084
0.7262 0.00135726
0.7264 0.00142669
0.7266 0.00149923
0.7268 0.00157502
0.727 0.00165418
0.7272 0.00173682
0.7274 0.00182308
0.7276 0.0019131
0.7278 0.002007
0.728 0.00210494
0.7282 0.00220705
0.7284 0.00231349
0.7286 0.00242441
0.7288 0.00253997
0.729 0.00266032
0.7292 0.00278564
0.7294 0.00291608
0.7296 0.00305184
0.7298 0.00319309
0.73 0.00334
0.7302 0.00349278
0.7304 0.0036516
0.7306 0.00381668
0.7308 0.0039882
0.731 0.00416638
0.7312 0.00435143
0.7314 0.00454356
0.7316 0.00474301
0.7318 0.00494998
0.732 0.00516472
0.7322 0.00538745
0.7324 0.00561843
0.7326 0.0058579
0.7328 0.0061061
0.733 0.0063633
0.7332 0.00662976
0.7334 0.00690574
0.7336 0.00719153
0.7338 0.00748738
0.734 0.00779359
0.7342 0.00811045
0.7344 0.00843825
0.7346 0.00877728
0.7348 0.00912786
0.735 0.00949029
0.7352 0.00986488
0.7354 0.010252
0.7356 0.0106518
0.7358 0.0110649
0.736 0.0114914
0.7362 0.0119317
0.7364 0.0123862
0.7366 0.0128552
0.7368 0.0133391
0.737 0.0138382
0.7372 0.0143529
0.7374 0.0148835
0.7376 0.0154306
0.7378 0.0159943
0.738 0.0165752
0.7382 0.0171735
0.7384 0.0177898
0.7386 0.0184244
0.7388 0.0190777
0.739 0.0197501
0.7392 0.020442
0.7394 0.0211539
0.7396 0.0218861
0.7398 0.0226392
0.74 0.0234134
0.7402 0.0242094
0.7404 0.0250275
0.7406 0.0258681
0.7408 0.0267317
0.741 0.0276187
0.7412 0.0285296
0.7414 0.029465
0.7416 0.0304251
0.7418 0.0314105
0.742 0.0324216
0.7422 0.033459
0.7424 0.034523
0.7426 0.0356142
0.7428 0.0367331
0.743 0.0378801
0.7432 0.0390556
0.7434 0.0402603
0.7436 0.0414945
0.7438 0.0427588
0.744 0.0440536
0.7442 0.0453795
0.7444 0.0467368
0.7446 0.0481262
0.7448 0.0495481
0.745 0.051003
0.7452 0.0524914
0.7454 0.0540138
0.7456 0.0555707
0.7458 0.0571626
0.746 0.0587899
0.7462 0.0604533
0.7464 0.062153
0.7466 0.0638898
0.7468 0.065664
0.747 0.0674761
0.7472 0.0693266
0.7474 0.0712161
0.7476 0.073145
0.7478 0.0751138
0.748 0.0771229
0.7482 0.0791729
0.7484 0.0812643
0.7486 0.0833975
0.7488 0.0855729
0.749 0.0877911
0.7492 0.0900526
0.7494 0.0923577
0.7496 0.094707
0.7498 0.0971009
0.75 0.0995399
0.7502 0.102024
0.7504 0.104555
0.7506 0.107132
0.7508 0.109755
0.751 0.112426
0.7512 0.115145
0.7514 0.117912
0.7516 0.120727
0.7518 0.123592
0.752 0.126506
0.7522 0.129469
0.7524 0.132483
0.7526 0.135547
0.7528 0.138663
0.753 0.141829
0.7532 0.145048
0.7534 0.148318
0.7536 0.151641
0.7538 0.155017
0.754 0.158445
0.7542 0.161928
0.7544 0.165464
0.7546 0.169054
0.7548 0.172699
0.755 0.176399
0.7552 0.180154
0.7554 0.183964
0.7556 0.18783
0.7558 0.191752
0.756 0.19573
0.7562 0.199764
0.7564 0.203856
0.7566 0.208004
0.7568 0.21221
0.757 0.216473
0.7572 0.220794
0.7574 0.225173
0.7576 0.22961
0.7578 0.234106
0.758 0.23866
0.7582 0.243272
0.7584 0.247944
0.7586 0.252675
0.7588 0.257465
0.759 0.262314
0.7592 0.267223
0.7594 0.272191
0.7596 0.27722
0.7598 0.282308
0.76 0.287456
0.7602 0.151242
0.7604 0.097932
0.7606 0.0583113
0.7608 0.0258061
0.761 0.000331308
0.7612 0.000351085
0.7614 0.000371919
0.7616 0.000393859
0.7618 0.000416956
0.762 0.000441262
0.7622 0.000466834
0.7624 0.000493728
0.7626 0.000522003
0.7628 0.000551721
0.763 0.000582946
0.7632 0.000615743
0.7634 0.000650181
0.7636 0.000686331
0.7638 0.000724265
0.764 0.000764061
0.7642 0.000805796
0.7644 0.000849551
0.7646 0.00089541
0.7648 0.000943461
0.765 0.000993792
0.7652 0.0010465
0.7654 0.00110167
0.7656 0.00115941
0.7658 0.00121982
0.766 0.001283
0.7662 0.00134907
0.7664 0.00141813
0.7666 0.0014903
0.7668 0.00156569
0.767 0.00164444
0.7672 0.00172666
0.7674 0.00181248
0.7676 0.00190204
0.7678 0.00199548
0.768 0.00209293
0.7682 0.00219453
0.7684 0.00230045
0.7686 0.00241083
0.7688 0.00252583
0.769 0.0026456
0.7692 0.00277032
0.7694 0.00290015
0.7696 0.00303527
0.7698 0.00317586
0.77 0.00332209
0.7702 0.00347416
0.7704 0.00363226
0.7706 0.00379659
0.7708 0.00396734
0.771 0.00414472
0.7712 0.00432895
0.7714 0.00452024
0.7716 0.0047188
0.7718 0.00492488
0.772 0.00513869
0.7722 0.00536047
0.7724 0.00559047
0.7726 0.00582893
0.7728 0.00607609
0.773 0.00633222
0.7732 0.00659758
0.7734 0.00687244
0.7736 0.00715706
0.7738 0.00745172
0.774 0.0077567
0.7742 0.0080723
0.7744 0.00839881
0.7746 0.00873651
0.7748 0.00908573
0.775 0.00944676
0.7752 0.00981991
0.7754 0.0102055
0.7756 0.0106039
0.7758 0.0110154
0.776 0.0114403
0.7762 0.011879
0.7764 0.0123318
0.7766 0.0127991
0.7768 0.0132812
0.777 0.0137786
0.7772 0.0142914
0.7774 0.0148202
0.7776 0.0153654
0.7778 0.0159271
0.778 0.016506
0.7782 0.0171023
0.7784 0.0177165
0.7786 0.018349
0.7788 0.0190001
0.779 0.0196702
0.7792 0.0203599
0.7794 0.0210695
0.7796 0.0217993
0.7798 0.02255
0.78 0.0233218
0.7802 0.0241152
0.7804 0.0249307
0.7806 0.0257687
0.7808 0.0266297
0.781 0.027514
0.7812 0.0284222
0.7814 0.0293547
0.7816 0.030312
0.7818 0.0312945
0.782 0.0323026
0.7822 0.033337
0.7824 0.034398
0.7826 0.0354861
0.7828 0.0366017
0.783 0.0377455
0.7832 0.0389178
0.7834 0.0401191
0.7836 0.04135
0.7838 0.0426108
0.784 0.0439021
0.7842 0.0452244
0.7844 0.0465782
0.7846 0.047964
0.7848 0.0493822
0.785 0.0508333
0.7852 0.0523179
0.7854 0.0538365
0.7856 0.0553895
0.7858 0.0569774
0.786 0.0586007
0.7862 0.0602599
0.7864 0.0619556
0.7866 0.0636881
0.7868 0.0654581
0.787 0.0672659
0.7872 0.0691122
0.7874 0.0709973
0.7876 0.0729217
0.7878 0.074886
0.788 0.0768906
0.7882 0.078936
0.7884 0.0810228
0.7886 0.0831512
0.7888 0.0853219
0.789 0.0875354
0.7892 0.089792
0.7894 0.0920922
0.7896 0.0944366
0.7898 0.0968255
0.79 0.0992595
0.7902 0.101739
0.7904 0.104264
0.7906 0.106836
0.7908 0.109454
0.791 0.11212
0.7912 0.114834
0.7914 0.117595
0.7916 0.120405
0.7918 0.123264
0.792 0.126173
0.7922 0.129131
0.7924 0.132139
0.7926 0.135198
0.7928 0.138307
0.793 0.141468
0.7932 0.144681
0.7934 0.147946
0.7936 0.151263
0.7938 0.154633
0.794 0.158056
0.7942 0.161532
0.7944 0.165063
0.7946 0.168647
0.7948 0.172286
0.795 0.17598
0.7952 0.179728
0.7954 0.183533
0.7956 0.187392
0.7958 0.191308
0.796 0.19528
0.7962 0.199309
0.7964 0.203394
0.7966 0.207536
0.7968 0.211736
0.797 0.215993
0.7972 0.220308
0.7974 0.22468
0.7976 0.229111
0.7978 0.2336
0.798 0.238148
0.7982 0.242755
0.7984 0.24742
0.7986 0.252144
0.7988 0.256928
0.799 0.261771
0.7992 0.266673
0.7994 0.271636
0.7996 0.276657
0.7998 0.281739
0.8 0.286881
0.8002 0.150661
0.8004 0.0973441
0.8006 0.0577171
0.8008 0.0252056
0.801 0.000329159
0.8012 0.000348823
0.8014 0.000369537
0.8016 0.000391352
0.8018 0.000414318
0.802 0.000438488
0.8022 0.000463917
0.8024 0.000490662
0.8026 0.000518782
0.8028 0.000548338
0.803 0.000579393
0.8032 0.000612014
0.8034 0.000646267
0.8036 0.000682225
0.8038 0.000719959
0.804 0.000759546
0.8042 0.000801064
0.8044 0.000844593
0.8046 0.000890218
0.8048 0.000938023
0.805 0.0009881
0.8052 0.00104054
0.8054 0.00109544
0.8056 0.00115289
0.8058 0.001213
0.806 0.00127588
0.8062 0.00134162
0.8064 0.00141035
0.8066 0.00148217
0.8068 0.00155721
0.807 0.00163558
0.8072 0.00171742
0.8074 0.00180284
0.8076 0.00189199
0.8078 0.001985
0.808 0.002082
0.8082 0.00218315
0.8084 0.00228859
0.8086 0.00239848
0.8088 0.00251296
0.809 0.00263221
0.8092 0.00275639
0.8094 0.00288566
0.8096 0.00302019
0.8098 0.00316018
0.81 0.00330579
0.8102 0.00345722
0.8104 0.00361466
0.8106 0.0037783
0.8108 0.00394835
0.811 0.00412501
0.8112 0.00430849
0.8114 0.004499
0.8116 0.00469678
0.8118 0.00490203
0.812 0.005115
0.8122 0.00533591
0.8124 0.00556502
0.8126 0.00580255
0.8128 0.00604877
0.813 0.00630393
0.8132 0.00656828
0.8134 0.0068421
0.8136 0.00712566
0.8138 0.00741924
0.814 0.0077231
0.8142 0.00803755
0.8144 0.00836288
0.8146 0.00869937
0.8148 0.00904734
0.815 0.00940709
0.8152 0.00977894
0.8154 0.0101632
0.8156 0.0105602
0.8158 0.0109703
0.816 0.0113938
0.8162 0.011831
0.8164 0.0122823
0.8166 0.012748
0.8168 0.0132286
0.817 0.0137242
0.8172 0.0142355
0.8174 0.0147625
0.8176 0.0153059
0.8178 0.0158659
0.818 0.016443
0.8182 0.0170374
0.8184 0.0176497
0.8186 0.0182802
0.8188 0.0189293
0.819 0.0195974
0.8192 0.020285
0.8194 0.0209925
0.8196 0.0217202
0.8198 0.0224686
0.82 0.0232382
0.8202 0.0240294
0.8204 0.0248425
0.8206 0.0256781
0.8208 0.0265366
0.821 0.0274185
0.8212 0.0283242
0.8214 0.0292541
0.8216 0.0302087
0.8218 0.0311886
0.822 0.032194
0.8222 0.0332256
0.8224 0.0342838
0.8226 0.0353691
0.8228 0.0364818
0.823 0.0376226
0.8232 0.0387919
0.8234 0.0399902
0.8236 0.041218
0.8238 0.0424757
0.824 0.0437638
0.8242 0.0450829
0.8244 0.0464334
0.8246 0.0478158
0.8248 0.0492306
0.825 0.0506783
0.8252 0.0521595
0.8254 0.0536745
0.8256 0.0552238
0.8258 0.0568081
0.826 0.0584278
0.8262 0.0600833
0.8264 0.0617752
0.8266 0.0635039
0.8268 0.06527
0.827 0.0670739
0.8272 0.0689162
0.8274 0.0707972
0.8276 0.0727176
0.8278 0.0746778
0.828 0.0766783
0.8282 0.0787195
0.8284 0.080802
0.8286 0.0829261
0.8288 0.0850925
0.829 0.0873016
0.8292 0.0895537
0.8294 0.0918495
0.8296 0.0941894
0.8298 0.0965737
0.83 0.0990031
0.8302 0.101478
0.8304 0.103999
0.8306 0.106565
0.8308 0.109179
0.831 0.11184
0.8312 0.114549
0.8314 0.117305
0.8316 0.120111
0.8318 0.122965
0.832 0.125868
0.8322 0.128821
0.8324 0.131824
0.8326 0.134878
0.8328 0.137982
0.833 0.141138
0.8332 0.144345
0.8334 0.147605
0.8336 0.150917
0.8338 0.154281
0.834 0.157699
0.8342 0.16117
0.8344 0.164695
0.8346 0.168274
0.8348 0.171908
0.835 0.175596
0.8352 0.179339
0.8354 0.183138
0.8356 0.186992
0.8358 0.190902
0.836 0.194869
0.8362 0.198892
0.8364 0.202971
0.8366 0.207108
0.8368 0.211302
0.837 0.215553
0.8372 0.219862
0.8374 0.224229
0.8376 0.228654
0.8378 0.233137
0.838 0.237679
0.8382 0.24228
0.8384 0.24694
0.8386 0.251658
0.8388 0.256436
0.839 0.261273
0.8392 0.26617
0.8394 0.271126
0.8396 0.276142
0.8398 0.281218
0.84 0.286354
0.8402 0.150128
0.8404 0.0968054
0.8406 0.0571725
0.8408 0.0246551
0.841 0.0003272
0.8412 0.000346759
0.8414 0.000367364
0.8416 0.000389065
0.8418 0.000411912
0.842 0.000435957
0.8422 0.000461256
0.8424 0.000487865
0.8426 0.000515843
0.8428 0.00054525
0.843 0.000576151
0.8432 0.00060861
0.8434 0.000642695
0.8436 0.000678477
0.8438 0.000716029
0.844 0.000755425
0.8442 0.000796744
0.8444 0.000840067
0.8446 0.000885476
0.8448 0.000933058
0.845 0.000982902
0.8452 0.0010351
0.8454 0.00108974
0.8456 0.00114694
0.8458 0.00120678
0.846 0.00126937
0.8462 0.00133482
0.8464 0.00140324
0.8466 0.00147475
0.8468 0.00154946
0.847 0.00162749
0.8472 0.00170898
0.8474 0.00179403
0.8476 0.0018828
0.8478 0.00197542
0.848 0.00207202
0.8482 0.00217275
0.8484 0.00227775
0.8486 0.00238719
0.8488 0.00250121
0.849 0.00261997
0.8492 0.00274365
0.8494 0.0028724
0.8496 0.00300641
0.8498 0.00314584
0.85 0.00329089
0.8502 0.00344173
0.8504 0.00359857
0.8506 0.00376158
0.8508 0.00393099
0.851 0.00410698
0.8512 0.00428977
0.8514 0.00447958
0.8516 0.00467663
0.8518 0.00488113
0.852 0.00509332
0.8522 0.00531344
0.8524 0.00554172
0.8526 0.00577841
0.8528 0.00602376
0.853 0.00627803
0.8532 0.00654146
0.8534 0.00681434
0.8536 0.00709693
0.8538 0.0073895
0.854 0.00769234
0.8542 0.00800574
0.8544 0.00832998
0.8546 0.00866537
0.8548 0.0090122
0.855 0.00937078
0.8552 0.00974143
0.8554 0.0101245
0.8556 0.0105202
0.8558 0.010929
0.856 0.0113511
0.8562 0.011787
0.8564 0.0122369
0.8566 0.0127012
0.8568 0.0131803
0.857 0.0136745
0.8572 0.0141842
0.8574 0.0147097
0.8576 0.0152514
0.8578 0.0158098
0.858 0.0163852
0.8582 0.0169779
0.8584 0.0175885
0.8586 0.0182172
0.8588 0.0188644
0.859 0.0195307
0.8592 0.0202164
0.8594 0.0209219
0.8596 0.0216476
0.8598 0.0223941
0.86 0.0231616
0.8602 0.0239506
0.8604 0.0247616
0.8606 0.025595
0.8608 0.0264513
0.861 0.0273309
0.8612 0.0282343
0.8614 0.0291618
0.8616 0.0301141
0.8618 0.0310915
0.862 0.0320944
0.8622 0.0331235
0.8624 0.0341791
0.8626 0.0352617
0.8628 0.0363719
0.863 0.0375099
0.8632 0.0386765
0.8634 0.039872
0.8636 0.0410969
0.8638 0.0423517
0.864 0.0436369
0.8642 0.044953
0.8644 0.0463005
0.8646 0.0476798
0.8648 0.0490915
0.865 0.0505361
0.8652 0.052014
0.8654 0.0535257
0.8656 0.0550718
0.8658 0.0566528
0.866 0.058269
0.8662 0.0599211
0.8664 0.0616095
0.8666 0.0633347
0.8668 0.0650973
0.867 0.0668976
0.8672 0.0687362
0.8674 0.0706136
0.8676 0.0725302
0.8678 0.0744866
0.868 0.0764832
0.8682 0.0785206
0.8684 0.0805992
0.8686 0.0827194
0.8688 0.0848818
0.869 0.0870868
0.8692 0.0893349
0.8694 0.0916265
0.8696 0.0939622
0.8698 0.0963424
0.87 0.0987675
0.8702 0.101238
0.8704 0.103754
0.8706 0.106317
0.8708 0.108926
0.871 0.111583
0.8712 0.114287
0.8714 0.117039
0.8716 0.11984
0.8718 0.122689
0.872 0.125588
0.8722 0.128536
0.8724 0.131535
0.8726 0.134584
0.8728 0.137683
0.873 0.140834
0.8732 0.144037
0.8734 0.147292
0.8736 0.150599
0.8738 0.153958
0.874 0.157371
0.8742 0.160837
0.8744 0.164357
0.8746 0.167931
0.8748 0.17156
0.875 0.175243
0.8752 0.178981
0.8754 0.182775
0.8756 0.186624
0.8758 0.190529
0.876 0.19449
0.8762 0.198508
0.8764 0.202582
0.8766 0.206714
0.8768 0.210902
0.877 0.215148
0.8772 0.219452
0.8774 0.223814
0.8776 0.228233
0.8778 0.232711
0.878 0.237248
0.8782 0.241843
0.8784 0.246498
0.8786 0.251211
0.8788 0.255983
0.879 0.260815
0.8792 0.265706
0.8794 0.270657
0.8796 0.275668
0.8798 0.280738
0.88 0.285869
0.8802 0.149638
0.8804 0.0963094
0.8806 0.0566711
0.8808 0.0241483
0.881 0.000325404
0.8812 0.000344867
0.8814 0.000365372
0.8816 0.000386969
0.8818 0.000409706
0.882 0.000433637
0.8822 0.000458816
0.8824 0.0004853
0.8826 0.000513147
0.8828 0.000542419
0.883 0.000573177
0.8832 0.000605488
0.8834 0.000639419
0.8836 0.00067504
0.8838 0.000712423
0.884 0.000751645
0.8842 0.000792782
0.8844 0.000835914
0.8846 0.000881126
0.8848 0.000928502
0.885 0.000978132
0.8852 0.00103011
0.8854 0.00108452
0.8856 0.00114147
0.8858 0.00120106
0.886 0.0012634
0.8862 0.00132858
0.8864 0.00139672
0.8866 0.00146794
0.8868 0.00154235
0.887 0.00162007
0.8872 0.00170123
0.8874 0.00178595
0.8876 0.00187437
0.8878 0.00196662
0.888 0.00206285
0.8882 0.00216319
0.8884 0.0022678
0.8886 0.00237682
0.8888 0.00249041
0.889 0.00260873
0.8892 0.00273195
0.8894 0.00286023
0.8896 0.00299374
0.8898 0.00313267
0.89 0.0032772
0.8902 0.0034275
0.8904 0.00358378
0.8906 0.00374622
0.8908 0.00391503
0.891 0.00409041
0.8912 0.00427257
0.8914 0.00446173
0.8916 0.0046581
0.8918 0.00486192
0.892 0.0050734
0.8922 0.00529278
0.8924 0.00552031
0.8926 0.00575622
0.8928 0.00600077
0.893 0.00625421
0.8932 0.00651681
0.8934 0.00678881
0.8936 0.00707051
0.8938 0.00736216
0.894 0.00766406
0.8942 0.00797648
0.8944 0.00829973
0.8946 0.00863409
0.8948 0.00897987
0.895 0.00933737
0.8952 0.00970692
0.8954 0.0100888
0.8956 0.0104834
0.8958 0.010891
0.896 0.0113119
0.8962 0.0117465
0.8964 0.0121951
0.8966 0.0126581
0.8968 0.0131359
0.897 0.0136287
0.8972 0.0141369
0.8974 0.014661
0.8976 0.0152013
0.8978 0.0157582
0.898 0.016332
0.8982 0.0169232
0.8984 0.0175321
0.8986 0.0181591
0.8988 0.0188047
0.899 0.0194693
0.8992 0.0201532
0.8994 0.0208569
0.8996 0.0215808
0.8998 0.0223254
0.9 0.023091
0.9002 0.0238781
0.9004 0.0246871
0.9006 0.0255185
0.9008 0.0263728
0.901 0.0272502
0.9012 0.0281515
0.9014 0.0290769
0.9016 0.0300269
0.9018 0.031002
0.902 0.0320027
0.9022 0.0330294
0.9024 0.0340826
0.9026 0.0351628
0.9028 0.0362705
0.903 0.0374061
0.9032 0.0385701
0.9034 0.039763
0.9036 0.0409853
0.9038 0.0422374
0.904 0.0435199
0.9042 0.0448333
0.9044 0.046178
0.9046 0.0475545
0.9048 0.0489633
0.905 0.0504049
0.9052 0.0518799
0.9054 0.0533886
0.9056 0.0549317
0.9058 0.0565095
0.906 0.0581227
0.9062 0.0597716
0.9064 0.0614568
0.9066 0.0631788
0.9068 0.064938
0.907 0.066735
0.9072 0.0685702
0.9074 0.0704442
0.9076 0.0723574
0.9078 0.0743103
0.908 0.0763034
0.9082 0.0783372
0.9084 0.0804121
0.9086 0.0825287
0.9088 0.0846874
0.909 0.0868886
0.9092 0.089133
0.9094 0.0914208
0.9096 0.0937526
0.9098 0.0961289
0.91 0.0985501
0.9102 0.101017
0.9104 0.103529
0.9106 0.106088
0.9108 0.108693
0.911 0.111345
0.9112 0.114045
0.9114 0.116793
0.9116 0.11959
0.9118 0.122435
0.912 0.125329
0.9122 0.128273
0.9124 0.131267
0.9126 0.134312
0.9128 0.137407
0.913 0.140554
0.9132 0.143752
0.9134 0.147002
0.9136 0.150305
0.9138 0.15366
0.914 0.157068
0.9142 0.16053
0.9144 0.164045
0.9146 0.167615
0.9148 0.171238
0.915 0.174917
0.9152 0.17865
0.9154 0.182439
0.9156 0.186284
0.9158 0.190184
0.916 0.19414
0.9162 0.198153
0.9164 0.202223
0.9166 0.206349
0.9168 0.210533
0.917 0.214774
0.9172 0.219073
0.9174 0.22343
0.9176 0.227845
0.9178 0.232318
0.918 0.23685
0.9182 0.24144
0.9184 0.246089
0.9186 0.250797
0.9188 0.255565
0.919 0.260392
0.9192 0.265278
0.9194 0.270224
0.9196 0.275229
0.9198 0.280295
0.92 0.28542
0.9202 0.149184
0.9204 0.095851
0.9206 0.0562077
0.9208 0.0236798
0.921 0.00032375
0.9212 0.000343125
0.9214 0.000363538
0.9216 0.000385038
0.9218 0.000407675
0.922 0.0004315
0.9222 0.000456569
0.9224 0.000482938
0.9226 0.000510665
0.9228 0.000539811
0.923 0.000570438
0.9232 0.000602612
0.9234 0.0006364
0.9236 0.000671873
0.9238 0.000709102
0.924 0.000748162
0.9242 0.00078913
0.9244 0.000832088
0.9246 0.000877117
0.9248 0.000924304
0.925 0.000973736
0.9252 0.00102551
0.9254 0.00107971
0.9256 0.00113644
0.9258 0.0011958
0.926 0.00125789
0.9262 0.00132282
0.9264 0.00139071
0.9266 0.00146166
0.9268 0.00153579
0.927 0.00161322
0.9272 0.00169408
0.9274 0.00177849
0.9276 0.00186659
0.9278 0.00195851
0.928 0.00205439
0.9282 0.00215438
0.9284 0.00225861
0.9286 0.00236725
0.9288 0.00248045
0.929 0.00259836
0.9292 0.00272116
0.9294 0.002849
0.9296 0.00298206
0.9298 0.00312052
0.93 0.00326456
0.9302 0.00341437
0.9304 0.00357013
0.9306 0.00373204
0.9308 0.0039003
0.931 0.00407512
0.9312 0.0042567
0.9314 0.00444525
0.9316 0.00464101
0.9318 0.00484418
0.932 0.00505501
0.9322 0.00527371
0.9324 0.00550054
0.9326 0.00573574
0.9328 0.00597955
0.933 0.00623223
0.9332 0.00649404
0.9334 0.00676524
0.9336 0.00704611
0.9338 0.00733691
0.934 0.00763794
0.9342 0.00794947
0.9344 0.00827179
0.9346 0.0086052
0.9348 0.00895001
0.935 0.00930652
0.9352 0.00967504
0.9354 0.0100559
0.9356 0.0104494
0.9358 0.0108559
0.936 0.0112757
0.9362 0.0117091
0.9364 0.0121566
0.9366 0.0126183
0.9368 0.0130948
0.937 0.0135864
0.9372 0.0140933
0.9374 0.0146161
0.9376 0.015155
0.9378 0.0157105
0.938 0.0162829
0.9382 0.0168726
0.9384 0.01748
0.9386 0.0181055
0.9388 0.0187496
0.939 0.0194125
0.9392 0.0200948
0.9394 0.0207969
0.9396 0.0215191
0.9398 0.0222619
0.94 0.0230257
0.9402 0.023811
0.9404 0.0246182
0.9406 0.0254478
0.9408 0.0263001
0.941 0.0271756
0.9412 0.0280749
0.9414 0.0289983
0.9416 0.0299462
0.9418 0.0309193
0.942 0.0319178
0.9422 0.0329424
0.9424 0.0339934
0.9426 0.0350714
0.9428 0.0361768
0.943 0.03731
0.9432 0.0384717
0.9434 0.0396622
0.9436 0.040882
0.9438 0.0421317
0.944 0.0434117
0.9442 0.0447225
0.9444 0.0460646
0.9446 0.0474385
0.9448 0.0488446
0.945 0.0502836
0.9452 0.0517558
0.9454 0.0532618
0.9456 0.054802
0.9458 0.056377
0.946 0.0579872
0.9462 0.0596332
0.9464 0.0613154
0.9466 0.0630344
0.9468 0.0647905
0.947 0.0665844
0.9472 0.0684165
0.9474 0.0702874
0.9476 0.0721973
0.9478 0.074147
0.948 0.0761368
0.9482 0.0781673
0.9484 0.0802389
0.9486 0.0823521
0.9488 0.0845073
0.949 0.0867051
0.9492 0.088946
0.9494 0.0912303
0.9496 0.0935585
0.9498 0.0959312
0.95 0.0983488
0.9502 0.100812
0.9504 0.10332
0.9506 0.105875
0.9508 0.108477
0.951 0.111125
0.9512 0.113821
0.9514 0.116566
0.9516 0.119358
0.9518 0.122199
0.952 0.12509
0.9522 0.12803
0.9524 0.13102
0.9526 0.13406
0.9528 0.137152
0.953 0.140294
0.9532 0.143488
0.9534 0.146734
0.9536 0.150033
0.9538 0.153384
0.954 0.156788
0.9542 0.160245
0.9544 0.163756
0.9546 0.167321
0.9548 0.170941
0.955 0.174615
0.9552 0.178344
0.9554 0.182128
0.9556 0.185968
0.9558 0.189864
0.956 0.193816
0.9562 0.197824
0.9564 0.20189
0.9566 0.206012
0.9568 0.210191
0.957 0.214427
0.9572 0.218722
0.9574 0.223074
0.9576 0.227484
0.9578 0.231953
0.958 0.23648
0.9582 0.241066
0.9584 0.24571
0.9586 0.250414
0.9588 0.255177
0.959 0.259999
0.9592 0.26488
0.9594 0.269822
0.9596 0.274823
0.9598 0.279883
0.96 0.285004
0.9602 0.148763
0.9604 0.0954256
0.9606 0.0557776
0.9608 0.0232451
0.961 0.000322222
0.9612 0.000341515
0.9614 0.000361843
0.9616 0.000383253
0.9618 0.000405797
0.962 0.000429525
0.9622 0.000454492
0.9624 0.000480754
0.9626 0.00050837
0.9628 0.000537399
0.963 0.000567905
0.9632 0.000599953
0.9634 0.000633609
0.9636 0.000668944
0.9638 0.000706029
0.964 0.00074494
0.9642 0.000785753
0.9644 0.000828548
0.9646 0.000873409
0.9648 0.00092042
0.965 0.000969669
0.9652 0.00102125
0.9654 0.00107525
0.9656 0.00113178
0.9658 0.00119092
0.966 0.0012528
0.9662 0.0013175
0.9664 0.00138514
0.9666 0.00145584
0.9668 0.00152972
0.967 0.00160688
0.9672 0.00168746
0.9674 0.00177159
0.9676 0.00185939
0.9678 0.001951
0.968 0.00204657
0.9682 0.00214622
0.9684 0.00225011
0.9686 0.0023584
0.9688 0.00247123
0.969 0.00258876
0.9692 0.00271116
0.9694 0.0028386
0.9696 0.00297124
0.9698 0.00310927
0.97 0.00325286
0.9702 0.00340221
0.9704 0.00355749
0.9706 0.00371891
0.9708 0.00388666
0.971 0.00406095
0.9712 0.00424199
0.9714 0.00442999
0.9716 0.00462517
0.9718 0.00482775
0.972 0.00503797
0.9722 0.00525605
0.9724 0.00548223
0.9726 0.00571676
0.9728 0.00595988
0.973 0.00621186
0.9732 0.00647294
0.9734 0.0067434
0.9736 0.0070235
0.9738 0.00731351
0.974 0.00761373
0.9742 0.00792442
0.9744 0.00824589
0.9746 0.00857843
0.9748 0.00892233
0.975 0.00927792
0.9752 0.00964549
0.9754 0.0100254
0.9756 0.0104179
0.9758 0.0108233
0.976 0.0112421
0.9762 0.0116744
0.9764 0.0121208
0.9766 0.0125814
0.9768 0.0130568
0.977 0.0135471
0.9772 0.0140529
0.9774 0.0145744
0.9776 0.015112
0.9778 0.0156662
0.978 0.0162373
0.9782 0.0168256
0.9784 0.0174316
0.9786 0.0180558
0.9788 0.0186984
0.979 0.0193598
0.9792 0.0200406
0.9794 0.0207411
0.9796 0.0214618
0.9798 0.022203
0.98 0.0229652
0.9802 0.0237488
0.9804 0.0245543
0.9806 0.0253821
0.9808 0.0262327
0.981 0.0271064
0.9812 0.0280038
0.9814 0.0289253
0.9816 0.0298714
0.9818 0.0308425
0.982 0.0318391
0.9822 0.0328616
0.9824 0.0339106
0.9826 0.0349865
0.9828 0.0360897
0.983 0.0372208
0.9832 0.0383803
0.9834 0.0395686
0.9836 0.0407862
0.9838 0.0420335
0.984 0.0433112
0.9842 0.0446196
0.9844 0.0459593
0.9846 0.0473308
0.9848 0.0487344
0.985 0.0501709
0.9852 0.0516405
0.9854 0.0531439
0.9856 0.0546815
0.9858 0.0562539
0.986 0.0578614
0.9862 0.0595046
0.9864 0.0611841
0.9866 0.0629002
0.9868 0.0646536
0.987 0.0664446
0.9872 0.0682738
0.9874 0.0701416
0.9876 0.0720486
0.9878 0.0739953
0.988 0.0759821
0.9882 0.0780094
0.9884 0.0800779
0.9886 0.0821879
0.9888 0.08434
0.989 0.0865346
0.9892 0.0887722
0.9894 0.0910532
0.9896 0.0933781
0.9898 0.0957475
0.99 0.0981616
0.9902 0.100621
0.9904 0.103126
0.9906 0.105678
0.9908 0.108276
0.991 0.110921
0.9912 0.113613
0.9914 0.116354
0.9916 0.119143
0.9918 0.12198
0.992 0.124867
0.9922 0.127803
0.9924 0.13079
0.9926 0.133826
0.9928 0.136914
0.993 0.140053
0.9932 0.143243
0.9934 0.146485
0.9936 0.149779
0.9938 0.153127
0.994 0.156527
0.9942 0.15998
0.9944 0.163487
0.9946 0.167048
0.9948 0.170664
0.995 0.174334
0.9952 0.178059
0.9954 0.181839
0.9956 0.185675
0.9958 0.189566
0.996 0.193514
0.9962 0.197519
0.9964 0.20158
0.9966 0.205697
0.9968 0.209872
0.997 0.214105
0.9972 0.218395
0.9974 0.222743
0.9976 0.227149
0.9978 0.231613
0.998 0.236136
0.9982 0.240717
0.9984 0.245358
0.9986 0.250057
0.9988 0.254816
0.999 0.259633
0.9992 0.264511
0.9994 0.269447
0.9996 0.274444
0.9998 0.2795
