0.0025 0 0
0.0025 0.010101 79.8605
0.0025 0.020202 159.641
0.0025 0.030303 239.26
0.0025 0.040404 318.638
0.0025 0.0505051 397.696
0.0025 0.0606061 476.353
0.0025 0.0707071 554.531
0.0025 0.0808081 632.15
0.0025 0.0909091 709.133
0.0025 0.10101 785.401
0.0025 0.111111 860.879
0.0025 0.121212 935.49
0.0025 0.131313 1009.16
0.0025 0.141414 1081.81
0.0025 0.151515 1153.38
0.0025 0.161616 1223.78
0.0025 0.171717 1292.95
0.0025 0.181818 1360.82
0.0025 0.191919 1427.31
0.0025 0.20202 1492.37
0.0025 0.212121 1555.93
0.0025 0.222222 1617.92
0.0025 0.232323 1678.29
0.0025 0.242424 1736.96
0.0025 0.252525 1793.88
0.0025 0.262626 1849
0.0025 0.272727 1902.25
0.0025 0.282828 1953.59
0.0025 0.292929 2002.97
0.0025 0.30303 2050.32
0.0025 0.313131 2095.61
0.0025 0.323232 2138.79
0.0025 0.333333 2179.82
0.0025 0.343434 2218.65
0.0025 0.353535 2255.25
0.0025 0.363636 2289.58
0.0025 0.373737 2321.6
0.0025 0.383838 2351.29
0.0025 0.393939 2378.61
0.0025 0.40404 2403.53
0.0025 0.414141 2426.03
0.0025 0.424242 2446.09
0.0025 0.434343 2463.69
0.0025 0.444444 2478.8
0.0025 0.454545 2491.42
0.0025 0.464646 2501.53
0.0025 0.474747 2509.12
0.0025 0.484848 2514.19
0.0025 0.494949 2516.72
0.0025 0.505051 2516.72
0.0025 0.515152 2514.19
0.0025 0.525253 2509.12
0.0025 0.535354 2501.53
0.0025 0.545455 2491.42
0.0025 0.555556 2478.8
0.0025 0.565657 2463.69
0.0025 0.575758 2446.09
0.0025 0.585859 2426.03
0.0025 0.59596 2403.53
0.0025 0.606061 2378.61
0.0025 0.616162 2351.29
0.0025 0.626263 2321.6
0.0025 0.636364 2289.58
0.0025 0.646465 2255.25
0.0025 0.656566 2218.65
0.0025 0.666667 2179.82
0.0025 0.676768 2138.79
0.0025 0.686869 2095.61
0.0025 0.69697 2050.32
0.0025 0.707071 2002.97
0.0025 0.717172 1953.59
0.0025 0.727273 1902.25
0.0025 0.737374 1849
0.0025 0.747475 1793.88
0.0025 0.757576 1736.96
0.0025 0.767677 1678.29
0.0025 0.777778 1617.92
0.0025 0.787879 1555.93
0.0025 0.79798 1492.37
0.0025 0.808081 1427.31
0.0025 0.818182 1360.82
0.0025 0.828283 1292.95
0.0025 0.838384 1223.78
0.0025 0.848485 1153.38
0.0025 0.858586 1081.81
0.0025 0.868687 1009.16
0.0025 0.878788 935.49
0.0025 0.888889 860.879
0.0025 0.89899 785.401
0.0025 0.909091 709.133
0.0025 0.919192 632.15
0.0025 0.929293 554.531
0.0025 0.939394 476.353
0.0025 0.949495 397.696
0.0025 0.959596 318.638
0.0025 0.969697 239.26
0.0025 0.979798 159.641
0.0025 0.989899 79.8605
0.0025 1 1.42109e-14
0.005 0 0
0.005 0.010101 1850.8
0.005 0.020202 3699.73
0.005 0.030303 5544.93
0.005 0.040404 7384.56
0.005 0.0505051 9216.74
0.005 0.0606061 11039.7
0.005 0.0707071 12851.4
0.005 0.0808081 14650.3
0.005 0.0909091 16434.4
0.005 0.10101 18201.9
0.005 0.111111 19951.2
0.005 0.121212 21680.3
0.005 0.131313 23387.6
0.005 0.141414 25071.4
0.005 0.151515 26729.9
0.005 0.161616 28361.5
0.005 0.171717 29964.5
0.005 0.181818 31537.4
0.005 0.191919 33078.5
0.005 0.20202 34586.3
0.005 0.212121 36059.3
0.005 0.222222 37495.9
0.005 0.232323 38894.8
0.005 0.242424 40254.6
0.005 0.252525 41573.8
0.005 0.262626 42851.2
0.005 0.272727 44085.4
0.005 0.282828 45275.2
0.005 0.292929 46419.4
0.005 0.30303 47516.9
0.005 0.313131 48566.6
0.005 0.323232 49567.3
0.005 0.333333 50518.1
0.005 0.343434 51418.1
0.005 0.353535 52266.3
0.005 0.363636 53061.8
0.005 0.373737 53804
0.005 0.383838 54491.9
0.005 0.393939 55125
0.005 0.40404 55702.6
0.005 0.414141 56224.1
0.005 0.424242 56689
0.005 0.434343 57096.8
0.005 0.444444 57447.1
0.005 0.454545 57739.6
0.005 0.464646 57973.9
0.005 0.474747 58149.8
0.005 0.484848 58267.2
0.005 0.494949 58326
0.005 0.505051 58326
0.005 0.515152 58267.2
0.005 0.525253 58149.8
0.005 0.535354 57973.9
0.005 0.545455 57739.6
0.005 0.555556 57447.1
0.005 0.565657 57096.8
0.005 0.575758 56689
0.005 0.585859 56224.1
0.005 0.59596 55702.6
0.005 0.606061 55125
0.005 0.616162 54491.9
0.005 0.626263 53804
0.005 0.636364 53061.8
0.005 0.646465 52266.3
0.005 0.656566 51418.1
0.005 0.666667 50518.1
0.005 0.676768 49567.3
0.005 0.686869 48566.6
0.005 0.69697 47516.9
0.005 0.707071 46419.4
0.005 0.717172 45275.2
0.005 0.727273 44085.4
0.005 0.737374 42851.2
0.005 0.747475 41573.8
0.005 0.757576 40254.6
0.005 0.767677 38894.8
0.005 0.777778 37495.9
0.005 0.787879 36059.3
0.005 0.79798 34586.3
0.005 0.808081 33078.5
0.005 0.818182 31537.4
0.005 0.828283 29964.5
0.005 0.838384 28361.5
0.005 0.848485 26729.9
0.005 0.858586 25071.4
0.005 0.868687 23387.6
0.005 0.878788 21680.3
0.005 0.888889 19951.2
0.005 0.89899 18201.9
0.005 0.909091 16434.4
0.005 0.919192 14650.3
0.005 0.929293 12851.4
0.005 0.939394 11039.7
0.005 0.949495 9216.74
0.005 0.959596 7384.56
0.005 0.969697 5544.93
0.005 0.979798 3699.73
0.005 0.989899 1850.8
0.005 1 1.42109e-14
0.0075 0 0
0.0075 0.010101 44818.4
0.0075 0.020202 89591.7
0.0075 0.030303 134276
0.0075 0.040404 178822
0.0075 0.0505051 223191
0.0075 0.0606061 267335
0.0075 0.0707071 311206
0.0075 0.0808081 354773
0.0075 0.0909091 397968
0.0075 0.10101 440779
0.0075 0.111111 483131
0.0075 0.121212 525007
0.0075 0.131313 566351
0.0075 0.141414 607124
0.0075 0.151515 647283
0.0075 0.161616 686798
0.0075 0.171717 725616
0.0075 0.181818 763698
0.0075 0.191919 801030
0.0075 0.20202 837526
0.0075 0.212121 873212
0.0075 0.222222 907990
0.0075 0.232323 941872
0.0075 0.242424 974798
0.0075 0.252525 1.00674e+06
0.0075 0.262626 1.03768e+06
0.0075 0.272727 1.06756e+06
0.0075 0.282828 1.09638e+06
0.0075 0.292929 1.12408e+06
0.0075 0.30303 1.15066e+06
0.0075 0.313131 1.17608e+06
0.0075 0.323232 1.20031e+06
0.0075 0.333333 1.22334e+06
0.0075 0.343434 1.24513e+06
0.0075 0.353535 1.26567e+06
0.0075 0.363636 1.28493e+06
0.0075 0.373737 1.30292e+06
0.0075 0.383838 1.31956e+06
0.0075 0.393939 1.3349e+06
0.0075 0.40404 1.34889e+06
0.0075 0.414141 1.36151e+06
0.0075 0.424242 1.37277e+06
0.0075 0.434343 1.38264e+06
0.0075 0.444444 1.39113e+06
0.0075 0.454545 1.39822e+06
0.0075 0.464646 1.40388e+06
0.0075 0.474747 1.40816e+06
0.0075 0.484848 1.41098e+06
0.0075 0.494949 1.41241e+06
0.0075 0.505051 1.41241e+06
0.0075 0.515152 1.41098e+06
0.0075 0.525253 1.40815e+06
0.0075 0.535354 1.40389e+06
0.0075 0.545455 1.39821e+06
0.0075 0.555556 1.39113e+06
0.0075 0.565657 1.38264e+06
0.0075 0.575758 1.37277e+06
0.0075 0.585859 1.36151e+06
0.0075 0.59596 1.34889e+06
0.0075 0.606061 1.3349e+06
0.0075 0.616162 1.31956e+06
0.0075 0.626263 1.30291e+06
0.0075 0.636364 1.28494e+06
0.0075 0.646465 1.26567e+06
0.0075 0.656566 1.24513e+06
0.0075 0.666667 1.22334e+06
0.0075 0.676768 1.20031e+06
0.0075 0.686869 1.17607e+06
0.0075 0.69697 1.15067e+06
0.0075 0.707071 1.12408e+06
0.0075 0.717172 1.09638e+06
0.0075 0.727273 1.06756e+06
0.0075 0.737374 1.03768e+06
0.0075 0.747475 1.00674e+06
0.0075 0.757576 974787
0.0075 0.767677 941885
0.0075 0.777778 907983
0.0075 0.787879 873210
0.0075 0.79798 837534
0.0075 0.808081 801023
0.0075 0.818182 763700
0.0075 0.828283 725623
0.0075 0.838384 686785
0.0075 0.848485 647295
0.0075 0.858586 607119
0.0075 0.868687 566350
0.0075 0.878788 525005
0.0075 0.888889 483139
0.0075 0.89899 440770
0.0075 0.909091 397975
0.0075 0.919192 354768
0.0075 0.929293 311205
0.0075 0.939394 267344
0.0075 0.949495 223181
0.0075 0.959596 178829
0.0075 0.969697 134273
0.0075 0.979798 89593
0.0075 0.989899 44818.9
0.0075 1 1.42109e-14
0.01 0 0
0.01 0.010101 1.08418e+06
0.01 0.020202 2.14196e+06
0.01 0.030303 3.30016e+06
0.01 0.040404 4.25886e+06
0.01 0.0505051 5.42499e+06
0.01 0.0606061 6.52115e+06
0.01 0.0707071 7.31946e+06
0.01 0.0808081 8.92216e+06
0.01 0.0909091 9.20515e+06
0.01 0.10101 1.10262e+07
0.01 0.111111 1.14371e+07
0.01 0.121212 1.27683e+07
0.01 0.131313 1.36958e+07
0.01 0.141414 1.47333e+07
0.01 0.151515 1.54785e+07
0.01 0.161616 1.67167e+07
0.01 0.171717 1.76855e+07
0.01 0.181818 1.79795e+07
0.01 0.191919 2.00967e+07
0.01 0.20202 1.94097e+07
0.01 0.212121 2.18419e+07
0.01 0.222222 2.14748e+07
0.01 0.232323 2.29476e+07
0.01 0.242424 2.35805e+07
0.01 0.252525 2.42193e+07
0.01 0.262626 2.52171e+07
0.01 0.272727 2.56849e+07
0.01 0.282828 2.66378e+07
0.01 0.292929 2.69754e+07
0.01 0.30303 2.80045e+07
0.01 0.313131 2.83319e+07
0.01 0.323232 2.90567e+07
0.01 0.333333 2.94238e+07
0.01 0.343434 3.03356e+07
0.01 0.353535 3.05601e+07
0.01 0.363636 3.05942e+07
0.01 0.373737 3.23422e+07
0.01 0.383838 3.11079e+07
0.01 0.393939 3.26396e+07
0.01 0.40404 3.26504e+07
0.01 0.414141 3.26422e+07
0.01 0.424242 3.34723e+07
0.01 0.434343 3.32985e+07
0.01 0.444444 3.33798e+07
0.01 0.454545 3.4454e+07
0.01 0.464646 3.30281e+07
0.01 0.474747 3.49645e+07
0.01 0.484848 3.33761e+07
0.01 0.494949 3.44357e+07
0.01 0.505051 3.43361e+07
0.01 0.515152 3.36975e+07
0.01 0.525253 3.42656e+07
0.01 0.535354 3.40387e+07
0.01 0.545455 3.34418e+07
0.01 0.555556 3.40819e+07
0.01 0.565657 3.29751e+07
0.01 0.575758 3.35606e+07
0.01 0.585859 3.26207e+07
0.01 0.59596 3.27409e+07
0.01 0.606061 3.23231e+07
0.01 0.616162 3.17333e+07
0.01 0.626263 3.16041e+07
0.01 0.636364 3.10261e+07
0.01 0.646465 3.06967e+07
0.01 0.656566 2.98183e+07
0.01 0.666667 2.98118e+07
0.01 0.676768 2.91316e+07
0.01 0.686869 2.79921e+07
0.01 0.69697 2.81883e+07
0.01 0.707071 2.70145e+07
0.01 0.717172 2.6676e+07
0.01 0.727273 2.539e+07
0.01 0.737374 2.55042e+07
0.01 0.747475 2.44509e+07
0.01 0.757576 2.26612e+07
0.01 0.767677 2.40629e+07
0.01 0.777778 2.0868e+07
0.01 0.787879 2.16898e+07
0.01 0.79798 2.00276e+07
0.01 0.808081 1.95054e+07
0.01 0.818182 1.80918e+07
0.01 0.828283 1.82925e+07
0.01 0.838384 1.55983e+07
0.01 0.848485 1.65248e+07
0.01 0.858586 1.42015e+07
0.01 0.868687 1.38356e+07
0.01 0.878788 1.25185e+07
0.01 0.888889 1.20736e+07
0.01 0.89899 1.01915e+07
0.01 0.909091 9.93125e+06
0.01 0.919192 8.52699e+06
0.01 0.929293 7.15202e+06
0.01 0.939394 7.26745e+06
0.01 0.949495 4.51158e+06
0.01 0.959596 4.92014e+06
0.01 0.969697 2.95014e+06
0.01 0.979798 2.27576e+06
0.01 0.989899 1.07293e+06
0.01 1 1.42109e-14
0.0125 0 0
0.0125 0.010101 6.59071e+08
0.0125 0.020202 2.51261e+09
0.0125 0.030303 4.98423e+09
0.0125 0.040404 5.19019e+09
0.0125 0.0505051 1.74402e+09
0.0125 0.0606061 7.43957e+09
0.0125 0.0707071 2.01169e+10
0.0125 0.0808081 3.29835e+10
0.0125 0.0909091 3.846e+10
0.0125 0.10101 3.52415e+10
0.0125 0.111111 2.30169e+10
0.0125 0.121212 1.00776e+10
0.0125 0.131313 2.76238e+09
0.0125 0.141414 7.29106e+09
0.0125 0.151515 1.23375e+10
0.0125 0.161616 6.71658e+09
0.0125 0.171717 1.68525e+10
0.0125 0.181818 4.56003e+10
0.0125 0.191919 7.00877e+10
0.0125 0.20202 7.79998e+10
0.0125 0.212121 6.99605e+10
0.0125 0.222222 4.60198e+10
0.0125 0.232323 2.09755e+10
0.0125 0.242424 1.70048e+08
0.0125 0.252525 9.00008e+09
0.0125 0.262626 1.32241e+10
0.0125 0.272727 1.21533e+10
0.0125 0.282828 1.53553e+10
0.0125 0.292929 1.73112e+10
0.0125 0.30303 1.75108e+10
0.0125 0.313131 9.96014e+09
0.0125 0.323232 8.91156e+09
0.0125 0.333333 1.36468e+10
0.0125 0.343434 1.71524e+10
0.0125 0.353535 4.72859e+09
0.0125 0.363636 4.28772e+10
0.0125 0.373737 7.45256e+10
0.0125 0.383838 6.91837e+10
0.0125 0.393939 3.79933e+10
0.0125 0.40404 4.41196e+08
0.0125 0.414141 2.09912e+10
0.0125 0.424242 2.50657e+10
0.0125 0.434343 6.41136e+09
0.0125 0.444444 2.48575e+10
0.0125 0.454545 6.24702e+10
0.0125 0.464646 8.40905e+10
0.0125 0.474747 8.80842e+10
0.0125 0.484848 6.62355e+10
0.0125 0.494949 2.89489e+10
0.0125 0.505051 1.34402e+10
0.0125 0.515152 3.02035e+10
0.0125 0.525253 1.98441e+10
0.0125 0.535354 9.21355e+09
0.0125 0.545455 3.0957e+10
0.0125 0.555556 4.36361e+10
0.0125 0.565657 4.23381e+10
0.0125 0.575758 3.8101e+10
0.0125 0.585859 2.6537e+10
0.0125 0.59596 1.342e+10
0.0125 0.606061 4.26659e+09
0.0125 0.616162 1.1548e+10
0.0125 0.626263 1.11902e+10
0.0125 0.636364 6.24619e+09
0.0125 0.646465 1.36939e+10
0.0125 0.656566 2.18267e+10
0.0125 0.666667 1.68115e+10
0.0125 0.676768 1.14539e+10
0.0125 0.686869 3.34221e+10
0.0125 0.69697 3.42246e+10
0.0125 0.707071 2.09103e+10
0.0125 0.717172 2.36604e+10
0.0125 0.727273 3.5033e+10
0.0125 0.737374 2.91663e+10
0.0125 0.747475 1.83831e+10
0.0125 0.757576 7.98079e+10
0.0125 0.767677 1.14893e+11
0.0125 0.777778 1.0044e+11
0.0125 0.787879 6.20788e+10
0.0125 0.79798 2.85189e+10
0.0125 0.808081 2.2264e+10
0.0125 0.818182 4.03767e+10
0.0125 0.828283 7.23578e+10
0.0125 0.838384 9.05354e+10
0.0125 0.848485 8.12285e+10
0.0125 0.858586 4.89508e+10
0.0125 0.868687 2.3769e+10
0.0125 0.878788 2.18193e+10
0.0125 0.888889 3.59188e+10
0.0125 0.89899 4.0556e+10
0.0125 0.909091 2.85898e+10
0.0125 0.919192 7.40841e+08
0.0125 0.929293 3.72671e+10
0.0125 0.939394 7.17752e+10
0.0125 0.949495 7.91154e+10
0.0125 0.959596 5.94591e+10
0.0125 0.969697 3.23936e+10
0.0125 0.979798 1.32091e+10
0.0125 0.989899 3.24857e+09
0.0125 1 1.42109e-14
0.015 0 0
0.015 0.010101 9.57682e+13
0.015 0.020202 2.66711e+14
0.015 0.030303 4.41777e+14
0.015 0.040404 4.27711e+14
0.015 0.0505051 3.09651e+13
0.015 0.0606061 8.31293e+14
0.015 0.0707071 2.0164e+15
0.015 0.0808081 3.11356e+15
0.015 0.0909091 3.62858e+15
0.015 0.10101 3.29896e+15
0.015 0.111111 2.2838e+15
0.015 0.121212 1.14835e+15
0.015 0.131313 5.72334e+14
0.015 0.141414 7.42043e+14
0.015 0.151515 9.67055e+14
0.015 0.161616 2.22948e+14
0.015 0.171717 1.8147e+15
0.015 0.181818 4.45347e+15
0.015 0.191919 6.59431e+15
0.015 0.20202 7.40112e+15
0.015 0.212121 6.59844e+15
0.015 0.222222 4.57434e+15
0.015 0.232323 2.2035e+15
0.015 0.242424 3.07888e+14
0.015 0.252525 7.76345e+14
0.015 0.262626 1.19002e+15
0.015 0.272727 1.32214e+15
0.015 0.282828 1.50436e+15
0.015 0.292929 1.68719e+15
0.015 0.30303 1.55731e+15
0.015 0.313131 1.15856e+15
0.015 0.323232 1.03574e+15
0.015 0.333333 1.33393e+15
0.015 0.343434 1.08056e+15
0.015 0.353535 8.79543e+14
0.015 0.363636 4.12517e+15
0.015 0.373737 6.52773e+15
0.015 0.383838 6.27209e+15
0.015 0.393939 3.61819e+15
0.015 0.40404 4.02991e+14
0.015 0.414141 1.68721e+15
0.015 0.424242 1.93833e+15
0.015 0.434343 3.25769e+14
0.015 0.444444 2.64432e+15
0.015 0.454545 5.84714e+15
0.015 0.464646 7.9683e+15
0.015 0.474747 8.16227e+15
0.015 0.484848 6.23753e+15
0.015 0.494949 2.76729e+15
0.015 0.505051 7.03365e+14
0.015 0.515152 2.34226e+15
0.015 0.525253 1.51694e+15
0.015 0.535354 7.3849e+14
0.015 0.545455 2.86906e+15
0.015 0.555556 4.01414e+15
0.015 0.565657 4.16029e+15
0.015 0.575758 3.62689e+15
0.015 0.585859 2.61485e+15
0.015 0.59596 1.22775e+15
0.015 0.606061 1.66525e+14
0.015 0.616162 9.63809e+14
0.015 0.626263 1.00435e+15
0.015 0.636364 9.34407e+14
0.015 0.646465 1.3865e+15
0.015 0.656566 1.85395e+15
0.015 0.666667 1.09988e+15
0.015 0.676768 9.87947e+14
0.015 0.686869 2.81303e+15
0.015 0.69697 3.0695e+15
0.015 0.707071 2.49262e+15
0.015 0.717172 2.58158e+15
0.015 0.727273 3.07228e+15
0.015 0.737374 1.87453e+15
0.015 0.747475 2.18518e+15
0.015 0.757576 7.32221e+15
0.015 0.767677 1.02507e+16
0.015 0.777778 9.44619e+15
0.015 0.787879 6.32785e+15
0.015 0.79798 3.53448e+15
0.015 0.808081 2.83557e+15
0.015 0.818182 4.38434e+15
0.015 0.828283 6.89062e+15
0.015 0.838384 8.36633e+15
0.015 0.848485 7.5485e+15
0.015 0.858586 5.07243e+15
0.015 0.868687 2.95768e+15
0.015 0.878788 2.58314e+15
0.015 0.888889 3.35529e+15
0.015 0.89899 3.64047e+15
0.015 0.909091 2.46188e+15
0.015 0.919192 1.79891e+14
0.015 0.929293 3.63918e+15
0.015 0.939394 6.49825e+15
0.015 0.949495 7.23655e+15
0.015 0.959596 5.76062e+15
0.015 0.969697 3.43635e+15
0.015 0.979798 1.5515e+15
0.015 0.989899 4.92653e+14
0.015 1 1.42109e-14
0.0175 0 0
0.0175 0.010101 1.14561e+19
0.0175 0.020202 2.67739e+19
0.0175 0.030303 3.94489e+19
0.0175 0.040404 3.32037e+19
0.0175 0.0505051 8.54134e+18
0.0175 0.0606061 9.11998e+19
0.0175 0.0707071 1.9944e+20
0.0175 0.0808081 2.968e+20
0.0175 0.0909091 3.41739e+20
0.0175 0.10101 3.12754e+20
0.0175 0.111111 2.25371e+20
0.0175 0.121212 1.2882e+20
0.0175 0.131313 7.58761e+19
0.0175 0.141414 7.55862e+19
0.0175 0.151515 7.24766e+19
0.0175 0.161616 1.0044e+19
0.0175 0.171717 1.96496e+20
0.0175 0.181818 4.32895e+20
0.0175 0.191919 6.26074e+20
0.0175 0.20202 6.99867e+20
0.0175 0.212121 6.29302e+20
0.0175 0.222222 4.48761e+20
0.0175 0.232323 2.32229e+20
0.0175 0.242424 5.1073e+19
0.0175 0.252525 6.08699e+19
0.0175 0.262626 1.11962e+20
0.0175 0.272727 1.33465e+20
0.0175 0.282828 1.5045e+20
0.0175 0.292929 1.609e+20
0.0175 0.30303 1.49007e+20
0.0175 0.313131 1.22753e+20
0.0175 0.323232 1.14098e+20
0.0175 0.333333 1.19603e+20
0.0175 0.343434 6.53865e+19
0.0175 0.353535 1.20092e+20
0.0175 0.363636 3.91436e+20
0.0175 0.373737 5.86311e+20
0.0175 0.383838 5.67246e+20
0.0175 0.393939 3.47783e+20
0.0175 0.40404 6.84235e+19
0.0175 0.414141 1.22742e+20
0.0175 0.424242 1.47239e+20
0.0175 0.434343 1.36166e+18
0.0175 0.444444 2.70248e+20
0.0175 0.454545 5.57667e+20
0.0175 0.464646 7.48642e+20
0.0175 0.474747 7.63251e+20
0.0175 0.484848 5.8511e+20
0.0175 0.494949 2.76716e+20
0.0175 0.505051 2.45416e+19
0.0175 0.515152 1.72618e+20
0.0175 0.525253 1.15939e+20
0.0175 0.535354 7.07269e+19
0.0175 0.545455 2.62266e+20
0.0175 0.555556 3.76437e+20
0.0175 0.565657 3.99036e+20
0.0175 0.575758 3.50719e+20
0.0175 0.585859 2.52106e+20
0.0175 0.59596 1.22594e+20
0.0175 0.606061 1.7276e+18
0.0175 0.616162 7.74615e+19
0.0175 0.626263 9.76721e+19
0.0175 0.636364 1.06491e+20
0.0175 0.646465 1.39033e+20
0.0175 0.656566 1.54855e+20
0.0175 0.666667 7.66427e+19
0.0175 0.676768 9.22253e+19
0.0175 0.686869 2.42085e+20
0.0175 0.69697 2.86113e+20
0.0175 0.707071 2.65905e+20
0.0175 0.717172 2.68199e+20
0.0175 0.727273 2.65014e+20
0.0175 0.737374 1.15902e+20
0.0175 0.747475 2.45449e+20
0.0175 0.757576 6.77001e+20
0.0175 0.767677 9.31736e+20
0.0175 0.777778 8.86764e+20
0.0175 0.787879 6.40903e+20
0.0175 0.79798 4.05806e+20
0.0175 0.808081 3.39746e+20
0.0175 0.818182 4.62367e+20
0.0175 0.828283 6.63291e+20
0.0175 0.838384 7.79286e+20
0.0175 0.848485 7.13386e+20
0.0175 0.858586 5.16271e+20
0.0175 0.868687 3.3927e+20
0.0175 0.878788 2.86978e+20
0.0175 0.888889 3.23351e+20
0.0175 0.89899 3.27449e+20
0.0175 0.909091 2.09606e+20
0.0175 0.919192 3.84267e+19
0.0175 0.929293 3.48909e+20
0.0175 0.939394 5.96799e+20
0.0175 0.949495 6.68292e+20
0.0175 0.959596 5.54848e+20
0.0175 0.969697 3.54617e+20
0.0175 0.979798 1.75798e+20
0.0175 0.989899 6.34196e+19
0.0175 1 1.42109e-14
0.02 0 0
0.02 0.010101 1.24214e+24
0.02 0.020202 2.61129e+24
0.02 0.030303 3.47185e+24
0.02 0.040404 2.43284e+24
0.02 0.0505051 1.87696e+24
0.02 0.0606061 9.75942e+24
0.02 0.0707071 1.96718e+25
0.02 0.0808081 2.83691e+25
0.02 0.0909091 3.23254e+25
0.02 0.10101 2.98151e+25
0.02 0.111111 2.23077e+25
0.02 0.121212 1.3972e+25
0.02 0.131313 8.90388e+24
0.02 0.141414 7.48805e+24
0.02 0.151515 5.26231e+24
0.02 0.161616 3.60268e+24
0.02 0.171717 2.08981e+25
0.02 0.181818 4.22085e+25
0.02 0.191919 5.96221e+25
0.02 0.20202 6.63771e+25
0.02 0.212121 6.01802e+25
0.02 0.222222 4.39759e+25
0.02 0.232323 2.4107e+25
0.02 0.242424 6.83756e+24
0.02 0.252525 4.56566e+24
0.02 0.262626 1.04564e+25
0.02 0.272727 1.32334e+25
0.02 0.282828 1.48815e+25
0.02 0.292929 1.55313e+25
0.02 0.30303 1.45415e+25
0.02 0.313131 1.27152e+25
0.02 0.323232 1.17637e+25
0.02 0.333333 1.04671e+25
0.02 0.343434 3.25704e+24
0.02 0.353535 1.41557e+25
0.02 0.363636 3.72315e+25
0.02 0.373737 5.3282e+25
0.02 0.383838 5.17141e+25
0.02 0.393939 3.32805e+25
0.02 0.40404 9.04711e+24
0.02 0.414141 8.10739e+24
0.02 0.424242 1.03963e+25
0.02 0.434343 3.1433e+24
0.02 0.444444 2.74878e+25
0.02 0.454545 5.3355e+25
0.02 0.464646 7.04543e+25
0.02 0.474747 7.15056e+25
0.02 0.484848 5.52541e+25
0.02 0.494949 2.78497e+25
0.02 0.505051 1.3754e+24
0.02 0.515152 1.21428e+25
0.02 0.525253 8.34414e+24
0.02 0.535354 7.19443e+24
0.02 0.545455 2.42921e+25
0.02 0.555556 3.5354e+25
0.02 0.565657 3.81303e+25
0.02 0.575758 3.38142e+25
0.02 0.585859 2.44379e+25
0.02 0.59596 1.2389e+25
0.02 0.606061 1.04194e+24
0.02 0.616162 6.35799e+24
0.02 0.626263 9.48232e+24
0.02 0.636364 1.12421e+25
0.02 0.646465 1.34851e+25
0.02 0.656566 1.31345e+25
0.02 0.666667 5.3978e+24
0.02 0.676768 8.74723e+24
0.02 0.686869 2.15625e+25
0.02 0.69697 2.70051e+25
0.02 0.707071 2.71528e+25
0.02 0.717172 2.66827e+25
0.02 0.727273 2.2853e+25
0.02 0.737374 6.28413e+24
0.02 0.747475 2.62997e+25
0.02 0.757576 6.3279e+25
0.02 0.767677 8.568e+25
0.02 0.777778 8.36533e+25
0.02 0.787879 6.43588e+25
0.02 0.79798 4.48061e+25
0.02 0.808081 3.86913e+25
0.02 0.818182 4.81938e+25
0.02 0.828283 6.42052e+25
0.02 0.838384 7.33804e+25
0.02 0.848485 6.80575e+25
0.02 0.858586 5.21294e+25
0.02 0.868687 3.70444e+25
0.02 0.878788 3.09142e+25
0.02 0.888889 3.15279e+25
0.02 0.89899 2.96961e+25
0.02 0.909091 1.77057e+25
0.02 0.919192 5.40386e+24
0.02 0.929293 3.33257e+25
0.02 0.939394 5.52694e+25
0.02 0.949495 6.22051e+25
0.02 0.959596 5.33146e+25
0.02 0.969697 3.59967e+25
0.02 0.979798 1.92407e+25
0.02 0.989899 7.56588e+24
0.02 1 1.42109e-14
0.0225 0 0
0.0225 0.010101 1.27388e+29
0.0225 0.020202 2.48412e+29
0.0225 0.030303 2.99692e+29
0.0225 0.040404 1.61512e+29
0.0225 0.0505051 2.77011e+29
0.0225 0.0606061 1.02668e+30
0.0225 0.0707071 1.93678e+30
0.0225 0.0808081 2.71836e+30
0.0225 0.0909091 3.07085e+30
0.0225 0.10101 2.85656e+30
0.0225 0.111111 2.21004e+30
0.0225 0.121212 1.47888e+30
0.0225 0.131313 9.81687e+29
0.0225 0.141414 7.2855e+29
0.0225 0.151515 3.60244e+29
0.0225 0.161616 5.71025e+29
0.0225 0.171717 2.19016e+30
0.0225 0.181818 4.12339e+30
0.0225 0.191919 5.69569e+30
0.0225 0.20202 6.31384e+30
0.0225 0.212121 5.76777e+30
0.0225 0.222222 4.30593e+30
0.0225 0.232323 2.47566e+30
0.0225 0.242424 8.30406e+29
0.0225 0.252525 3.18749e+29
0.0225 0.262626 9.67785e+29
0.0225 0.272727 1.2951e+30
0.0225 0.282828 1.46318e+30
0.0225 0.292929 1.51212e+30
0.0225 0.30303 1.43322e+30
0.0225 0.313131 1.29338e+30
0.0225 0.323232 1.16773e+30
0.0225 0.333333 8.98864e+29
0.0225 0.343434 7.06347e+28
0.0225 0.353535 1.55713e+30
0.0225 0.363636 3.54748e+30
0.0225 0.373737 4.88769e+30
0.0225 0.383838 4.74972e+30
0.0225 0.393939 3.18302e+30
0.0225 0.40404 1.08167e+30
0.0225 0.414141 4.39091e+29
0.0225 0.424242 6.43908e+29
0.0225 0.434343 5.84449e+29
0.0225 0.444444 2.78682e+30
0.0225 0.454545 5.11625e+30
0.0225 0.464646 6.64416e+30
0.0225 0.474747 6.71792e+30
0.0225 0.484848 5.24653e+30
0.0225 0.494949 2.8082e+30
0.0225 0.505051 4.61443e+29
0.0225 0.515152 7.81344e+29
0.0225 0.525253 5.40907e+29
0.0225 0.535354 7.58414e+29
0.0225 0.545455 2.27829e+30
0.0225 0.555556 3.32823e+30
0.0225 0.565657 3.63568e+30
0.0225 0.575758 3.25488e+30
0.0225 0.585859 2.37695e+30
0.0225 0.59596 1.25644e+30
0.0225 0.606061 2.02872e+29
0.0225 0.616162 5.28902e+29
0.0225 0.626263 9.14107e+29
0.0225 0.636364 1.13628e+30
0.0225 0.646465 1.28366e+30
0.0225 0.656566 1.12878e+30
0.0225 0.666667 3.79566e+29
0.0225 0.676768 8.4147e+29
0.0225 0.686869 1.97191e+30
0.0225 0.69697 2.56811e+30
0.0225 0.707071 2.69981e+30
0.0225 0.717172 2.58425e+30
0.0225 0.727273 1.96679e+30
0.0225 0.737374 2.28033e+29
0.0225 0.747475 2.73983e+30
0.0225 0.757576 5.96338e+30
0.0225 0.767677 7.95722e+30
0.0225 0.777778 7.93355e+30
0.0225 0.787879 6.42936e+30
0.0225 0.79798 4.81651e+30
0.0225 0.808081 4.25952e+30
0.0225 0.818182 4.98205e+30
0.0225 0.828283 6.24955e+30
0.0225 0.838384 6.97552e+30
0.0225 0.848485 6.54055e+30
0.0225 0.858586 5.23397e+30
0.0225 0.868687 3.92827e+30
0.0225 0.878788 3.25999e+30
0.0225 0.888889 3.09162e+30
0.0225 0.89899 2.71561e+30
0.0225 0.909091 1.49257e+30
0.0225 0.919192 6.60689e+29
0.0225 0.929293 3.18308e+30
0.0225 0.939394 5.15168e+30
0.0225 0.949495 5.82479e+30
0.0225 0.959596 5.12072e+30
0.0225 0.969697 3.61368e+30
0.0225 0.979798 2.05108e+30
0.0225 0.989899 8.59303e+29
0.0225 1 1.42109e-14
0.025 0 0
0.025 0.010101 1.25796e+34
0.025 0.020202 2.30973e+34
0.025 0.030303 2.52324e+34
0.025 0.040404 8.64246e+33
0.025 0.0505051 3.54794e+34
0.025 0.0606061 1.06678e+35
0.025 0.0707071 1.90463e+35
0.025 0.0808081 2.61106e+35
0.025 0.0909091 2.92912e+35
0.025 0.10101 2.74847e+35
0.025 0.111111 2.18886e+35
0.025 0.121212 1.53736e+35
0.025 0.131313 1.04269e+35
0.025 0.141414 6.9975e+34
0.025 0.151515 2.195e+34
0.025 0.161616 7.42987e+34
0.025 0.171717 2.26866e+35
0.025 0.181818 4.03312e+35
0.025 0.191919 5.45709e+35
0.025 0.20202 6.02272e+35
0.025 0.212121 5.53877e+35
0.025 0.222222 4.21378e+35
0.025 0.232323 2.52189e+35
0.025 0.242424 9.54423e+34
0.025 0.252525 1.93716e+34
0.025 0.262626 8.87346e+34
0.025 0.272727 1.25528e+35
0.025 0.282828 1.43338e+35
0.025 0.292929 1.48015e+35
0.025 0.30303 1.41797e+35
0.025 0.313131 1.29691e+35
0.025 0.323232 1.13191e+35
0.025 0.333333 7.59014e+34
0.025 0.343434 1.2925e+34
0.025 0.353535 1.64776e+35
0.025 0.363636 3.38491e+35
0.025 0.373737 4.51809e+35
0.025 0.383838 4.39249e+35
0.025 0.393939 3.04933e+35
0.025 0.40404 1.22681e+35
0.025 0.414141 1.10099e+34
0.025 0.424242 2.85608e+34
0.025 0.434343 8.27947e+34
0.025 0.444444 2.81856e+35
0.025 0.454545 4.91582e+35
0.025 0.464646 6.28056e+35
0.025 0.474747 6.33157e+35
0.025 0.484848 5.00474e+35
0.025 0.494949 2.83106e+35
0.025 0.505051 7.3743e+34
0.025 0.515152 4.1053e+34
0.025 0.525253 2.7618e+34
0.025 0.535354 8.13546e+34
0.025 0.545455 2.16078e+35
0.025 0.555556 3.14257e+35
0.025 0.565657 3.46358e+35
0.025 0.575758 3.13057e+35
0.025 0.585859 2.31628e+35
0.025 0.59596 1.27316e+35
0.025 0.606061 2.83317e+34
0.025 0.616162 4.42255e+34
0.025 0.626263 8.7334e+34
0.025 0.636364 1.11757e+35
0.025 0.646465 1.20808e+35
0.025 0.656566 9.80186e+34
0.025 0.666667 2.61608e+34
0.025 0.676768 8.18813e+34
0.025 0.686869 1.83833e+35
0.025 0.69697 2.45196e+35
0.025 0.707071 2.63797e+35
0.025 0.717172 2.45875e+35
0.025 0.727273 1.68645e+35
0.025 0.737374 7.92441e+33
0.025 0.747475 2.80372e+35
0.025 0.757576 5.65589e+35
0.025 0.767677 7.45276e+35
0.025 0.777778 7.56334e+35
0.025 0.787879 6.40213e+35
0.025 0.79798 5.08043e+35
0.025 0.808081 4.57936e+35
0.025 0.818182 5.11825e+35
0.025 0.828283 6.11411e+35
0.025 0.838384 6.68522e+35
0.025 0.848485 6.32258e+35
0.025 0.858586 5.23414e+35
0.025 0.868687 4.08759e+35
0.025 0.878788 3.38493e+35
0.025 0.888889 3.03968e+35
0.025 0.89899 2.50383e+35
0.025 0.909091 1.26e+35
0.025 0.919192 7.52966e+34
0.025 0.929293 3.0446e+35
0.025 0.939394 4.82776e+35
0.025 0.949495 5.48044e+35
0.025 0.959596 4.91992e+35
0.025 0.969697 3.59975e+35
0.025 0.979798 2.14376e+35
0.025 0.989899 9.42412e+34
0.025 1 1.42109e-14
0.0275 0 0
0.0275 0.010101 1.2064e+39
0.0275 0.020202 2.10014e+39
0.0275 0.030303 2.05509e+39
0.0275 0.040404 1.75938e+38
0.0275 0.0505051 4.22482e+39
0.0275 0.0606061 1.09823e+40
0.0275 0.0707071 1.87176e+40
0.0275 0.0808081 2.51394e+40
0.0275 0.0909091 2.80441e+40
0.0275 0.10101 2.6537e+40
0.0275 0.111111 2.16586e+40
0.0275 0.121212 1.57655e+40
0.0275 0.131313 1.08061e+40
0.0275 0.141414 6.65416e+39
0.0275 0.151515 9.89386e+38
0.0275 0.161616 8.83777e+39
0.0275 0.171717 2.32833e+40
0.0275 0.181818 3.94796e+40
0.0275 0.191919 5.24245e+40
0.0275 0.20202 5.76027e+40
0.0275 0.212121 5.32846e+40
0.0275 0.222222 4.12201e+40
0.0275 0.232323 2.55297e+40
0.0275 0.242424 1.05925e+40
0.0275 0.252525 8.00866e+38
0.0275 0.262626 8.05913e+39
0.0275 0.272727 1.20781e+40
0.0275 0.282828 1.40053e+40
0.0275 0.292929 1.4529e+40
0.0275 0.30303 1.40324e+40
0.0275 0.313131 1.28591e+40
0.0275 0.323232 1.07993e+40
0.0275 0.333333 6.30165e+39
0.0275 0.343434 2.86811e+39
0.0275 0.353535 1.7024e+40
0.0275 0.363636 3.23388e+40
0.0275 0.373737 4.20335e+40
0.0275 0.383838 4.08805e+40
0.0275 0.393939 2.92946e+40
0.0275 0.40404 1.3482e+40
0.0275 0.414141 1.80252e+39
0.0275 0.424242 3.66609e+38
0.0275 0.434343 1.0472e+40
0.0275 0.444444 2.84519e+40
0.0275 0.454545 4.73264e+40
0.0275 0.464646 5.95206e+40
0.0275 0.474747 5.98704e+40
0.0275 0.484848 4.79298e+40
0.0275 0.494949 2.85105e+40
0.0275 0.505051 9.73841e+39
0.0275 0.515152 8.99487e+38
0.0275 0.525253 3.73335e+38
0.0275 0.535354 8.77916e+39
0.0275 0.545455 2.0694e+40
0.0275 0.555556 2.97735e+40
0.0275 0.565657 3.30004e+40
0.0275 0.575758 3.01022e+40
0.0275 0.585859 2.25905e+40
0.0275 0.59596 1.28647e+40
0.0275 0.606061 3.49382e+39
0.0275 0.616162 3.68628e+39
0.0275 0.626263 8.26617e+39
0.0275 0.636364 1.07913e+40
0.0275 0.646465 1.12847e+40
0.0275 0.656566 8.57505e+39
0.0275 0.666667 1.71144e+39
0.0275 0.676768 8.03579e+39
0.0275 0.686869 1.73684e+40
0.0275 0.69697 2.34503e+40
0.0275 0.707071 2.54664e+40
0.0275 0.717172 2.31045e+40
0.0275 0.727273 1.43808e+40
0.0275 0.737374 3.1894e+39
0.0275 0.747475 2.83562e+40
0.0275 0.757576 5.39201e+40
0.0275 0.767677 7.03111e+40
0.0275 0.777778 7.24532e+40
0.0275 0.787879 6.36194e+40
0.0275 0.79798 5.28554e+40
0.0275 0.808081 4.8393e+40
0.0275 0.818182 5.23244e+40
0.0275 0.828283 6.00786e+40
0.0275 0.838384 6.45171e+40
0.0275 0.848485 6.14107e+40
0.0275 0.858586 5.21956e+40
0.0275 0.868687 4.19852e+40
0.0275 0.878788 3.47425e+40
0.0275 0.888889 2.992e+40
0.0275 0.89899 2.32681e+40
0.0275 0.909091 1.0677e+40
0.0275 0.919192 8.22626e+39
0.0275 0.929293 2.91745e+40
0.0275 0.939394 4.54509e+40
0.0275 0.949495 5.17708e+40
0.0275 0.959596 4.72996e+40
0.0275 0.969697 3.56576e+40
0.0275 0.979798 2.2074e+40
0.0275 0.989899 1.00714e+40
0.0275 1 1.42109e-14
0.03 0 0
0.03 0.010101 1.12822e+44
0.03 0.020202 1.86542e+44
0.03 0.030303 1.59654e+44
0.03 0.040404 4.54465e+43
0.03 0.0505051 4.81397e+44
0.03 0.0606061 1.12267e+45
0.03 0.0707071 1.8389e+45
0.03 0.0808081 2.42599e+45
0.03 0.0909091 2.69409e+45
0.03 0.10101 2.56939e+45
0.03 0.111111 2.14047e+45
0.03 0.121212 1.59988e+45
0.03 0.131313 1.10079e+45
0.03 0.141414 6.27589e+44
0.03 0.151515 5.12196e+42
0.03 0.161616 9.99229e+44
0.03 0.171717 2.37208e+45
0.03 0.181818 3.86664e+45
0.03 0.191919 5.04823e+45
0.03 0.20202 5.5228e+45
0.03 0.212121 5.13475e+45
0.03 0.222222 4.03132e+45
0.03 0.232323 2.57178e+45
0.03 0.242424 1.14783e+45
0.03 0.252525 2.32908e+43
0.03 0.262626 7.24922e+44
0.03 0.272727 1.1555e+45
0.03 0.282828 1.36543e+45
0.03 0.292929 1.42738e+45
0.03 0.30303 1.38631e+45
0.03 0.313131 1.26374e+45
0.03 0.323232 1.01897e+45
0.03 0.333333 5.13355e+44
0.03 0.343434 4.11462e+44
0.03 0.353535 1.73136e+45
0.03 0.363636 3.09335e+45
0.03 0.373737 3.93212e+45
0.03 0.383838 3.82719e+45
0.03 0.393939 2.82376e+45
0.03 0.40404 1.45151e+45
0.03 0.414141 4.36339e+44
0.03 0.424242 3.25194e+44
0.03 0.434343 1.24405e+45
0.03 0.444444 2.86753e+45
0.03 0.454545 4.56559e+45
0.03 0.464646 5.65589e+45
0.03 0.474747 5.67972e+45
0.03 0.484848 4.60596e+45
0.03 0.494949 2.8672e+45
0.03 0.505051 1.17719e+45
0.03 0.515152 1.89153e+44
0.03 0.525253 1.78325e+44
0.03 0.535354 9.46966e+44
0.03 0.545455 1.99849e+45
0.03 0.555556 2.831e+45
0.03 0.565657 3.14688e+45
0.03 0.575758 2.89485e+45
0.03 0.585859 2.20367e+45
0.03 0.59596 1.29533e+45
0.03 0.606061 4.04147e+44
0.03 0.616162 3.03619e+44
0.03 0.626263 7.75239e+44
0.03 0.636364 1.02832e+45
0.03 0.646465 1.04838e+45
0.03 0.656566 7.53647e+44
0.03 0.666667 9.9052e+43
0.03 0.676768 7.93206e+44
0.03 0.686869 1.65556e+45
0.03 0.69697 2.24336e+45
0.03 0.707071 2.43716e+45
0.03 0.717172 2.15138e+45
0.03 0.727273 1.21691e+45
0.03 0.737374 5.0885e+44
0.03 0.747475 2.84552e+45
0.03 0.757576 5.16263e+45
0.03 0.767677 6.67482e+45
0.03 0.777778 6.97085e+45
0.03 0.787879 6.31362e+45
0.03 0.79798 5.44303e+45
0.03 0.808081 5.0491e+45
0.03 0.818182 5.32796e+45
0.03 0.828283 5.92491e+45
0.03 0.838384 6.26302e+45
0.03 0.848485 5.98829e+45
0.03 0.858586 5.19462e+45
0.03 0.868687 4.27267e+45
0.03 0.878788 3.53472e+45
0.03 0.888889 2.94623e+45
0.03 0.89899 2.17831e+45
0.03 0.909091 9.09887e+44
0.03 0.919192 8.73742e+44
0.03 0.929293 2.80063e+45
0.03 0.939394 4.29613e+45
0.03 0.949495 4.90725e+45
0.03 0.959596 4.55064e+45
0.03 0.969697 3.51719e+45
0.03 0.979798 2.2469e+45
0.03 0.989899 1.05541e+45
0.03 1 1.42109e-14
0.0325 0 0
0.0325 0.010101 1.03046e+49
0.0325 0.020202 1.61388e+49
0.0325 0.030303 1.151e+49
0.0325 0.040404 1.03158e+49
0.0325 0.0505051 5.32722e+49
0.0325 0.0606061 1.1414e+50
0.0325 0.0707071 1.8066e+50
0.0325 0.0808081 2.34622e+50
0.0325 0.0909091 2.59586e+50
0.0325 0.10101 2.49331e+50
0.0325 0.111111 2.11253e+50
0.0325 0.121212 1.61024e+50
0.0325 0.131313 1.10725e+50
0.0325 0.141414 5.87704e+49
0.0325 0.151515 9.54709e+48
0.0325 0.161616 1.0939e+50
0.0325 0.171717 2.40248e+50
0.0325 0.181818 3.78836e+50
0.0325 0.191919 4.87142e+50
0.0325 0.20202 5.30709e+50
0.0325 0.212121 4.95585e+50
0.0325 0.222222 3.94225e+50
0.0325 0.232323 2.58065e+50
0.0325 0.242424 1.22267e+50
0.0325 0.252525 1.17373e+49
0.0325 0.262626 6.45507e+49
0.0325 0.272727 1.10033e+50
0.0325 0.282828 1.32842e+50
0.0325 0.292929 1.40161e+50
0.0325 0.30303 1.36592e+50
0.0325 0.313131 1.23317e+50
0.0325 0.323232 9.53749e+49
0.0325 0.333333 4.0855e+49
0.0325 0.343434 5.10228e+49
0.0325 0.353535 1.74186e+50
0.0325 0.363636 2.96251e+50
0.0325 0.373737 3.69615e+50
0.0325 0.383838 3.60253e+50
0.0325 0.393939 2.73153e+50
0.0325 0.40404 1.54077e+50
0.0325 0.414141 6.62342e+49
0.0325 0.424242 5.82692e+49
0.0325 0.434343 1.4202e+50
0.0325 0.444444 2.88615e+50
0.0325 0.454545 4.4136e+50
0.0325 0.464646 5.38922e+50
0.0325 0.474747 5.40527e+50
0.0325 0.484848 4.43967e+50
0.0325 0.494949 2.87936e+50
0.0325 0.505051 1.35267e+50
0.0325 0.515152 4.33452e+49
0.0325 0.525253 3.73191e+49
0.0325 0.535354 1.01768e+50
0.0325 0.545455 1.94372e+50
0.0325 0.555556 2.70182e+50
0.0325 0.565657 3.00487e+50
0.0325 0.575758 2.78503e+50
0.0325 0.585859 2.14936e+50
0.0325 0.59596 1.29961e+50
0.0325 0.606061 4.49997e+49
0.0325 0.616162 2.4458e+49
0.0325 0.626263 7.20598e+49
0.0325 0.636364 9.70057e+49
0.0325 0.646465 9.69673e+49
0.0325 0.656566 6.63674e+49
0.0325 0.666667 3.96353e+48
0.0325 0.676768 7.85721e+49
0.0325 0.686869 1.5869e+50
0.0325 0.69697 2.14484e+50
0.0325 0.707071 2.31724e+50
0.0325 0.717172 1.98919e+50
0.0325 0.727273 1.01907e+50
0.0325 0.737374 6.61573e+49
0.0325 0.747475 2.8406e+50
0.0325 0.757576 4.96135e+50
0.0325 0.767677 6.37071e+50
0.0325 0.777778 6.73247e+50
0.0325 0.787879 6.26022e+50
0.0325 0.79798 5.56214e+50
0.0325 0.808081 5.21724e+50
0.0325 0.818182 5.40743e+50
0.0325 0.828283 5.86014e+50
0.0325 0.838384 6.10975e+50
0.0325 0.848485 5.8585e+50
0.0325 0.858586 5.1625e+50
0.0325 0.868687 4.31863e+50
0.0325 0.878788 3.57205e+50
0.0325 0.888889 2.90134e+50
0.0325 0.89899 2.05316e+50
0.0325 0.909091 7.81076e+49
0.0325 0.919192 9.09547e+49
0.0325 0.929293 2.69275e+50
0.0325 0.939394 4.07499e+50
0.0325 0.949495 4.66527e+50
0.0325 0.959596 4.38139e+50
0.0325 0.969697 3.45794e+50
0.0325 0.979798 2.26658e+50
0.0325 0.989899 1.08942e+50
0.0325 1 1.42109e-14
0.035 0 0
0.035 0.010101 9.18689e+53
0.035 0.020202 1.35229e+54
0.035 0.030303 7.21061e+53
0.035 0.040404 1.55984e+54
0.035 0.0505051 5.77494e+54
0.035 0.0606061 1.15552e+55
0.035 0.0707071 1.77518e+55
0.035 0.0808081 2.2737e+55
0.035 0.0909091 2.50779e+55
0.035 0.10101 2.42373e+55
0.035 0.111111 2.08213e+55
0.035 0.121212 1.61005e+55
0.035 0.131313 1.1031e+55
0.035 0.141414 5.46791e+54
0.035 0.151515 1.74285e+54
0.035 0.161616 1.17143e+55
0.035 0.171717 2.42178e+55
0.035 0.181818 3.71262e+55
0.035 0.191919 4.70953e+55
0.035 0.20202 5.11031e+55
0.035 0.212121 4.79021e+55
0.035 0.222222 3.85521e+55
0.035 0.232323 2.58153e+55
0.035 0.242424 1.28583e+55
0.035 0.252525 2.02977e+54
0.035 0.262626 5.68486e+54
0.035 0.272727 1.04363e+55
0.035 0.282828 1.28968e+55
0.035 0.292929 1.37437e+55
0.035 0.30303 1.34164e+55
0.035 0.313131 1.19649e+55
0.035 0.323232 8.87296e+54
0.035 0.333333 3.15151e+54
0.035 0.343434 5.88437e+54
0.035 0.353535 1.7391e+55
0.035 0.363636 2.84073e+55
0.035 0.373737 3.4893e+55
0.035 0.383838 3.40815e+55
0.035 0.393939 2.65156e+55
0.035 0.40404 1.61884e+55
0.035 0.414141 8.62029e+54
0.035 0.424242 8.11975e+54
0.035 0.434343 1.57729e+55
0.035 0.444444 2.90149e+55
0.035 0.454545 4.2756e+55
0.035 0.464646 5.14927e+55
0.035 0.474747 5.1598e+55
0.035 0.484848 4.29095e+55
0.035 0.494949 2.88773e+55
0.035 0.505051 1.50452e+55
0.035 0.515152 6.48187e+54
0.035 0.525253 5.49374e+54
0.035 0.535354 1.08806e+55
0.035 0.545455 1.90171e+55
0.035 0.555556 2.58803e+55
0.035 0.565657 2.87412e+55
0.035 0.575758 2.68105e+55
0.035 0.585859 2.09582e+55
0.035 0.59596 1.29963e+55
0.035 0.606061 4.88751e+54
0.035 0.616162 1.89938e+54
0.035 0.626263 6.63951e+54
0.035 0.636364 9.07586e+54
0.035 0.646465 8.93259e+54
0.035 0.656566 5.84157e+54
0.035 0.666667 1.06944e+53
0.035 0.676768 7.79669e+54
0.035 0.686869 1.52608e+55
0.035 0.69697 2.04843e+55
0.035 0.707071 2.19211e+55
0.035 0.717172 1.82865e+55
0.035 0.727273 8.41431e+54
0.035 0.737374 7.86161e+54
0.035 0.747475 2.826e+55
0.035 0.757576 4.78345e+55
0.035 0.767677 6.10875e+55
0.035 0.777778 6.5239e+55
0.035 0.787879 6.2037e+55
0.035 0.79798 5.65038e+55
0.035 0.808081 5.35096e+55
0.035 0.818182 5.47301e+55
0.035 0.828283 5.8093e+55
0.035 0.838384 5.98447e+55
0.035 0.848485 5.74725e+55
0.035 0.858586 5.12548e+55
0.035 0.868687 4.34291e+55
0.035 0.878788 3.59098e+55
0.035 0.888889 2.85695e+55
0.035 0.89899 1.94717e+55
0.035 0.909091 6.76434e+54
0.035 0.919192 9.32684e+54
0.035 0.929293 2.59249e+55
0.035 0.939394 3.87696e+55
0.035 0.949495 4.44668e+55
0.035 0.959596 4.22145e+55
0.035 0.969697 3.39093e+55
0.035 0.979798 2.27011e+55
0.035 0.989899 1.11134e+55
0.035 1 1.42109e-14
0.0375 0 0
0.0375 0.010101 7.97408e+58
0.0375 0.020202 1.08607e+59
0.0375 0.030303 3.08636e+58
0.0375 0.040404 2.04337e+59
0.0375 0.0505051 6.16617e+59
0.0375 0.0606061 1.16592e+60
0.0375 0.0707071 1.74488e+60
0.0375 0.0808081 2.20757e+60
0.0375 0.0909091 2.42823e+60
0.0375 0.10101 2.35932e+60
0.0375 0.111111 2.04949e+60
0.0375 0.121212 1.60132e+60
0.0375 0.131313 1.09075e+60
0.0375 0.141414 5.05593e+59
0.0375 0.151515 2.433e+59
0.0375 0.161616 1.23472e+60
0.0375 0.171717 2.43188e+60
0.0375 0.181818 3.6391e+60
0.0375 0.191919 4.56045e+60
0.0375 0.20202 4.93004e+60
0.0375 0.212121 4.63644e+60
0.0375 0.222222 3.7705e+60
0.0375 0.232323 2.576e+60
0.0375 0.242424 1.33903e+60
0.0375 0.252525 2.80822e+59
0.0375 0.262626 4.94402e+59
0.0375 0.272727 9.86348e+59
0.0375 0.282828 1.24933e+60
0.0375 0.292929 1.345e+60
0.0375 0.30303 1.31352e+60
0.0375 0.313131 1.15547e+60
0.0375 0.323232 8.2155e+59
0.0375 0.333333 2.32287e+59
0.0375 0.343434 6.502e+59
0.0375 0.353535 1.72682e+60
0.0375 0.363636 2.72744e+60
0.0375 0.373737 3.30683e+60
0.0375 0.383838 3.23925e+60
0.0375 0.393939 2.5825e+60
0.0375 0.40404 1.6878e+60
0.0375 0.414141 1.03871e+60
0.0375 0.424242 1.01581e+60
0.0375 0.434343 1.717e+60
0.0375 0.444444 2.91394e+60
0.0375 0.454545 4.15045e+60
0.0375 0.464646 4.93343e+60
0.0375 0.474747 4.9399e+60
0.0375 0.484848 4.15731e+60
0.0375 0.494949 2.89271e+60
0.0375 0.505051 1.63623e+60
0.0375 0.515152 8.37561e+59
0.0375 0.525253 7.08743e+59
0.0375 0.535354 1.15679e+60
0.0375 0.545455 1.86986e+60
0.0375 0.555556 2.48795e+60
0.0375 0.565657 2.7543e+60
0.0375 0.575758 2.58298e+60
0.0375 0.585859 2.04306e+60
0.0375 0.59596 1.29594e+60
0.0375 0.606061 5.21793e+59
0.0375 0.616162 1.38767e+59
0.0375 0.626263 6.0635e+59
0.0375 0.636364 8.43087e+59
0.0375 0.646465 8.19557e+59
0.0375 0.656566 5.12714e+59
0.0375 0.666667 5.42251e+58
0.0375 0.676768 7.74019e+59
0.0375 0.686869 1.47005e+60
0.0375 0.69697 1.95374e+60
0.0375 0.707071 2.0653e+60
0.0375 0.717172 1.67269e+60
0.0375 0.727273 6.8133e+59
0.0375 0.737374 8.89216e+59
0.0375 0.747475 2.80538e+60
0.0375 0.757576 4.62537e+60
0.0375 0.767677 5.88115e+60
0.0375 0.777778 6.34e+60
0.0375 0.787879 6.14536e+60
0.0375 0.79798 5.7138e+60
0.0375 0.808081 5.45627e+60
0.0375 0.818182 5.52651e+60
0.0375 0.828283 5.76896e+60
0.0375 0.838384 5.88132e+60
0.0375 0.848485 5.65106e+60
0.0375 0.858586 5.08523e+60
0.0375 0.868687 4.35053e+60
0.0375 0.878788 3.59542e+60
0.0375 0.888889 2.81298e+60
0.0375 0.89899 1.85691e+60
0.0375 0.909091 5.91831e+59
0.0375 0.919192 9.45346e+59
0.0375 0.929293 2.49863e+60
0.0375 0.939394 3.69824e+60
0.0375 0.949495 4.2479e+60
0.0375 0.959596 4.07009e+60
0.0375 0.969697 3.31832e+60
0.0375 0.979798 2.2606e+60
0.0375 0.989899 1.12319e+60
0.0375 1 1.42109e-14
0.04 0 0
0.04 0.010101 6.70213e+63
0.04 0.020202 8.19534e+63
0.04 0.030303 8.50112e+62
0.04 0.040404 2.48605e+64
0.04 0.0505051 6.50866e+64
0.04 0.0606061 1.17332e+65
0.04 0.0707071 1.71579e+65
0.04 0.0808081 2.14704e+65
0.04 0.0909091 2.35581e+65
0.04 0.10101 2.29907e+65
0.04 0.111111 2.01488e+65
0.04 0.121212 1.5857e+65
0.04 0.131313 1.07209e+65
0.04 0.141414 4.64653e+64
0.04 0.151515 3.03929e+64
0.04 0.161616 1.28614e+65
0.04 0.171717 2.43437e+65
0.04 0.181818 3.56759e+65
0.04 0.191919 4.42246e+65
0.04 0.20202 4.76419e+65
0.04 0.212121 4.49331e+65
0.04 0.222222 3.68832e+65
0.04 0.232323 2.56536e+65
0.04 0.242424 1.38371e+65
0.04 0.252525 3.51565e+64
0.04 0.262626 4.23577e+64
0.04 0.272727 9.29097e+64
0.04 0.282828 1.20749e+65
0.04 0.292929 1.3132e+65
0.04 0.30303 1.28187e+65
0.04 0.313131 1.11149e+65
0.04 0.323232 7.57706e+64
0.04 0.333333 1.58979e+64
0.04 0.343434 6.98728e+64
0.04 0.353535 1.7078e+65
0.04 0.363636 2.62211e+65
0.04 0.373737 3.14506e+65
0.04 0.383838 3.09193e+65
0.04 0.393939 2.52299e+65
0.04 0.40404 1.74918e+65
0.04 0.414141 1.19525e+65
0.04 0.424242 1.19682e+65
0.04 0.434343 1.84092e+65
0.04 0.444444 2.9238e+65
0.04 0.454545 4.03703e+65
0.04 0.464646 4.73926e+65
0.04 0.474747 4.74259e+65
0.04 0.484848 4.03677e+65
0.04 0.494949 2.89471e+65
0.04 0.505051 1.75066e+65
0.04 0.515152 1.00501e+65
0.04 0.525253 8.52952e+64
0.04 0.535354 1.22303e+65
0.04 0.545455 1.8461e+65
0.04 0.555556 2.39999e+65
0.04 0.565657 2.64485e+65
0.04 0.575758 2.4908e+65
0.04 0.585859 1.99124e+65
0.04 0.59596 1.28917e+65
0.04 0.606061 5.50186e+64
0.04 0.616162 9.05212e+63
0.04 0.626263 5.48632e+64
0.04 0.636364 7.78011e+64
0.04 0.646465 7.4872e+64
0.04 0.656566 4.47685e+64
0.04 0.666667 9.24383e+63
0.04 0.676768 7.6807e+64
0.04 0.686869 1.41695e+65
0.04 0.69697 1.86069e+65
0.04 0.707071 1.93924e+65
0.04 0.717172 1.52299e+65
0.04 0.727273 5.36527e+64
0.04 0.737374 9.75611e+64
0.04 0.747475 2.78131e+65
0.04 0.757576 4.48427e+65
0.04 0.767677 5.68186e+65
0.04 0.777778 6.17656e+65
0.04 0.787879 6.08607e+65
0.04 0.79798 5.75725e+65
0.04 0.808081 5.53816e+65
0.04 0.818182 5.56951e+65
0.04 0.828283 5.73638e+65
0.04 0.838384 5.7956e+65
0.04 0.848485 5.56711e+65
0.04 0.858586 5.04296e+65
0.04 0.868687 4.34538e+65
0.04 0.878788 3.58855e+65
0.04 0.888889 2.76954e+65
0.04 0.89899 1.77964e+65
0.04 0.909091 5.238e+64
0.04 0.919192 9.49363e+64
0.04 0.929293 2.41018e+65
0.04 0.939394 3.53571e+65
0.04 0.949495 4.06599e+65
0.04 0.959596 3.92656e+65
0.04 0.969697 3.2418e+65
0.04 0.979798 2.24065e+65
0.04 0.989899 1.12673e+65
0.04 1 1.42109e-14
0.0425 0 0
0.0425 0.010101 5.39983e+68
0.0425 0.020202 5.56059e+68
0.0425 0.030303 4.59133e+68
0.0425 0.040404 2.89142e+69
0.0425 0.0505051 6.80908e+69
0.0425 0.0606061 1.17831e+70
0.0425 0.0707071 1.68797e+70
0.0425 0.0808081 2.0914e+70
0.0425 0.0909091 2.28941e+70
0.0425 0.10101 2.24218e+70
0.0425 0.111111 1.97861e+70
0.0425 0.121212 1.56458e+70
0.0425 0.131313 1.04862e+70
0.0425 0.141414 4.24362e+69
0.0425 0.151515 3.57334e+69
0.0425 0.161616 1.32763e+70
0.0425 0.171717 2.43059e+70
0.0425 0.181818 3.49797e+70
0.0425 0.191919 4.29413e+70
0.0425 0.20202 4.61099e+70
0.0425 0.212121 4.35974e+70
0.0425 0.222222 3.60879e+70
0.0425 0.232323 2.55066e+70
0.0425 0.242424 1.42107e+70
0.0425 0.252525 4.15811e+69
0.0425 0.262626 3.56167e+69
0.0425 0.272727 8.72306e+69
0.0425 0.282828 1.16431e+70
0.0425 0.292929 1.27893e+70
0.0425 0.30303 1.24709e+70
0.0425 0.313131 1.06563e+70
0.0425 0.323232 6.96463e+69
0.0425 0.333333 9.42322e+68
0.0425 0.343434 7.36563e+69
0.0425 0.353535 1.68409e+70
0.0425 0.363636 2.52424e+70
0.0425 0.373737 3.00101e+70
0.0425 0.383838 2.96294e+70
0.0425 0.393939 2.47175e+70
0.0425 0.40404 1.80413e+70
0.0425 0.414141 1.33411e+70
0.0425 0.424242 1.35744e+70
0.0425 0.434343 1.9506e+70
0.0425 0.444444 2.93136e+70
0.0425 0.454545 3.93424e+70
0.0425 0.464646 4.56448e+70
0.0425 0.474747 4.56525e+70
0.0425 0.484848 3.92767e+70
0.0425 0.494949 2.89418e+70
0.0425 0.505051 1.85025e+70
0.0425 0.515152 1.1534e+70
0.0425 0.525253 9.8348e+69
0.0425 0.535354 1.28627e+70
0.0425 0.545455 1.82878e+70
0.0425 0.555556 2.32271e+70
0.0425 0.565657 2.5451e+70
0.0425 0.575758 2.4044e+70
0.0425 0.585859 1.94059e+70
0.0425 0.59596 1.27993e+70
0.0425 0.606061 5.7475e+69
0.0425 0.616162 4.48713e+68
0.0425 0.626263 4.91444e+69
0.0425 0.636364 7.13336e+69
0.0425 0.646465 6.80777e+69
0.0425 0.656566 3.87908e+69
0.0425 0.666667 1.26315e+69
0.0425 0.676768 7.61374e+69
0.0425 0.686869 1.36565e+70
0.0425 0.69697 1.76937e+70
0.0425 0.707071 1.81552e+70
0.0425 0.717172 1.38042e+70
0.0425 0.727273 4.05103e+69
0.0425 0.737374 1.04899e+70
0.0425 0.747475 2.7556e+70
0.0425 0.757576 4.35788e+70
0.0425 0.767677 5.50608e+70
0.0425 0.777778 6.0302e+70
0.0425 0.787879 6.02642e+70
0.0425 0.79798 5.78462e+70
0.0425 0.808081 5.60072e+70
0.0425 0.818182 5.60334e+70
0.0425 0.828283 5.70941e+70
0.0425 0.838384 5.72362e+70
0.0425 0.848485 5.49314e+70
0.0425 0.858586 4.99955e+70
0.0425 0.868687 4.33052e+70
0.0425 0.878788 3.57297e+70
0.0425 0.888889 2.72679e+70
0.0425 0.89899 1.71314e+70
0.0425 0.909091 4.69464e+69
0.0425 0.919192 9.46268e+69
0.0425 0.929293 2.32634e+70
0.0425 0.939394 3.38686e+70
0.0425 0.949495 3.89852e+70
0.0425 0.959596 3.79019e+70
0.0425 0.969697 3.16267e+70
0.0425 0.979798 2.21244e+70
0.0425 0.989899 1.12352e+70
0.0425 1 1.42109e-14
0.045 0 0
0.045 0.010101 4.09001e+73
0.045 0.020202 2.98237e+73
0.045 0.030303 8.13401e+73
0.045 0.040404 3.26273e+74
0.045 0.0505051 7.07311e+74
0.045 0.0606061 1.18136e+75
0.045 0.0707071 1.6614e+75
0.045 0.0808081 2.04002e+75
0.045 0.0909091 2.22808e+75
0.045 0.10101 2.18808e+75
0.045 0.111111 1.94098e+75
0.045 0.121212 1.53908e+75
0.045 0.131313 1.02154e+75
0.045 0.141414 3.84999e+74
0.045 0.151515 4.04481e+74
0.045 0.161616 1.36079e+75
0.045 0.171717 2.42167e+75
0.045 0.181818 3.43013e+75
0.045 0.191919 4.17426e+75
0.045 0.20202 4.46892e+75
0.045 0.212121 4.23477e+75
0.045 0.222222 3.53196e+75
0.045 0.232323 2.53277e+75
0.045 0.242424 1.45214e+75
0.045 0.252525 4.74127e+74
0.045 0.262626 2.92204e+74
0.045 0.272727 8.16263e+74
0.045 0.282828 1.11995e+75
0.045 0.292929 1.2423e+75
0.045 0.30303 1.20967e+75
0.045 0.313131 1.01869e+75
0.045 0.323232 6.38189e+74
0.045 0.333333 3.709e+73
0.045 0.343434 7.6574e+74
0.045 0.353535 1.65723e+75
0.045 0.363636 2.43337e+75
0.045 0.373737 2.87227e+75
0.045 0.383838 2.84963e+75
0.045 0.393939 2.42762e+75
0.045 0.40404 1.85351e+75
0.045 0.414141 1.45744e+75
0.045 0.424242 1.49988e+75
0.045 0.434343 2.04748e+75
0.045 0.444444 2.93686e+75
0.045 0.454545 3.84104e+75
0.045 0.464646 4.40707e+75
0.045 0.474747 4.40562e+75
0.045 0.484848 3.82865e+75
0.045 0.494949 2.89154e+75
0.045 0.505051 1.937e+75
0.045 0.515152 1.28512e+75
0.045 0.525253 1.10165e+75
0.045 0.535354 1.34619e+75
0.045 0.545455 1.81662e+75
0.045 0.555556 2.2548e+75
0.045 0.565657 2.4543e+75
0.045 0.575758 2.3236e+75
0.045 0.585859 1.89136e+75
0.045 0.59596 1.26879e+75
0.045 0.606061 5.96134e+74
0.045 0.616162 1.60868e+72
0.045 0.626263 4.35269e+74
0.045 0.636364 6.49716e+74
0.045 0.646465 6.15693e+74
0.045 0.656566 3.32566e+74
0.045 0.666667 1.56523e+74
0.045 0.676768 7.53671e+74
0.045 0.686869 1.3155e+75
0.045 0.69697 1.67996e+75
0.045 0.707071 1.69519e+75
0.045 0.717172 1.24535e+75
0.045 0.727273 2.85405e+74
0.045 0.737374 1.11211e+75
0.045 0.747475 2.72949e+75
0.045 0.757576 4.24432e+75
0.045 0.767677 5.35e+75
0.045 0.777778 5.89817e+75
0.045 0.787879 5.96686e+75
0.045 0.79798 5.79904e+75
0.045 0.808081 5.64729e+75
0.045 0.818182 5.62914e+75
0.045 0.828283 5.68639e+75
0.045 0.838384 5.66239e+75
0.045 0.848485 5.42731e+75
0.045 0.858586 4.95564e+75
0.045 0.868687 4.30835e+75
0.045 0.878788 3.55078e+75
0.045 0.888889 2.6849e+75
0.045 0.89899 1.65562e+75
0.045 0.909091 4.26445e+74
0.045 0.919192 9.37343e+74
0.045 0.929293 2.24643e+75
0.045 0.939394 3.24961e+75
0.045 0.949495 3.74349e+75
0.045 0.959596 3.66035e+75
0.045 0.969697 3.08196e+75
0.045 0.979798 2.17774e+75
0.045 0.989899 1.11486e+75
0.045 1 1.42109e-14
0.0475 0 0
0.0475 0.010101 2.79056e+78
0.0475 0.020202 4.80154e+77
0.0475 0.030303 1.14782e+79
0.0475 0.040404 3.60296e+79
0.0475 0.0505051 7.30558e+79
0.0475 0.0606061 1.18285e+80
0.0475 0.0707071 1.63603e+80
0.0475 0.0808081 1.99236e+80
0.0475 0.0909091 2.17104e+80
0.0475 0.10101 2.13628e+80
0.0475 0.111111 1.90226e+80
0.0475 0.121212 1.51015e+80
0.0475 0.131313 9.91778e+79
0.0475 0.141414 3.4676e+79
0.0475 0.151515 4.46183e+79
0.0475 0.161616 1.38692e+80
0.0475 0.171717 2.40854e+80
0.0475 0.181818 3.36402e+80
0.0475 0.191919 4.06185e+80
0.0475 0.20202 4.33667e+80
0.0475 0.212121 4.11756e+80
0.0475 0.222222 3.45783e+80
0.0475 0.232323 2.51238e+80
0.0475 0.242424 1.47778e+80
0.0475 0.252525 5.27043e+79
0.0475 0.262626 2.31633e+79
0.0475 0.272727 7.61162e+79
0.0475 0.282828 1.0746e+80
0.0475 0.292929 1.20354e+80
0.0475 0.30303 1.17007e+80
0.0475 0.313131 9.71301e+79
0.0475 0.323232 5.83034e+79
0.0475 0.333333 1.3343e+78
0.0475 0.343434 7.87898e+79
0.0475 0.353535 1.62838e+80
0.0475 0.363636 2.34904e+80
0.0475 0.373737 2.75686e+80
0.0475 0.383838 2.74976e+80
0.0475 0.393939 2.38957e+80
0.0475 0.40404 1.898e+80
0.0475 0.414141 1.56705e+80
0.0475 0.424242 1.62616e+80
0.0475 0.434343 2.1329e+80
0.0475 0.444444 2.94053e+80
0.0475 0.454545 3.75646e+80
0.0475 0.464646 4.26516e+80
0.0475 0.474747 4.2617e+80
0.0475 0.484848 3.73858e+80
0.0475 0.494949 2.88716e+80
0.0475 0.505051 2.01265e+80
0.0475 0.515152 1.40221e+80
0.0475 0.525253 1.20864e+80
0.0475 0.535354 1.40265e+80
0.0475 0.545455 1.80854e+80
0.0475 0.555556 2.19511e+80
0.0475 0.565657 2.37173e+80
0.0475 0.575758 2.24819e+80
0.0475 0.585859 1.84376e+80
0.0475 0.59596 1.25625e+80
0.0475 0.606061 6.14856e+79
0.0475 0.616162 3.94119e+78
0.0475 0.626263 3.80461e+79
0.0475 0.636364 5.87592e+79
0.0475 0.646465 5.53411e+79
0.0475 0.656566 2.81072e+79
0.0475 0.666667 1.83536e+79
0.0475 0.676768 7.44833e+79
0.0475 0.686869 1.26614e+80
0.0475 0.69697 1.59264e+80
0.0475 0.707071 1.57891e+80
0.0475 0.717172 1.11781e+80
0.0475 0.727273 1.7601e+79
0.0475 0.737374 1.16706e+80
0.0475 0.747475 2.70382e+80
0.0475 0.757576 4.14199e+80
0.0475 0.767677 5.21057e+80
0.0475 0.777778 5.77824e+80
0.0475 0.787879 5.90767e+80
0.0475 0.79798 5.803e+80
0.0475 0.808081 5.68063e+80
0.0475 0.818182 5.64794e+80
0.0475 0.828283 5.66602e+80
0.0475 0.838384 5.60956e+80
0.0475 0.848485 5.36811e+80
0.0475 0.858586 4.91169e+80
0.0475 0.868687 4.28074e+80
0.0475 0.878788 3.52367e+80
0.0475 0.888889 2.64402e+80
0.0475 0.89899 1.60563e+80
0.0475 0.909091 3.92786e+79
0.0475 0.919192 9.23658e+79
0.0475 0.929293 2.16993e+80
0.0475 0.939394 3.12225e+80
0.0475 0.949495 3.5992e+80
0.0475 0.959596 3.5365e+80
0.0475 0.969697 3.00047e+80
0.0475 0.979798 2.13805e+80
0.0475 0.989899 1.10185e+80
0.0475 1 1.42109e-14
0.05 0 0
0.05 0.010101 1.51529e+83
0.05 0.020202 1.93183e+83
0.05 0.030303 1.46263e+84
0.05 0.040404 3.91479e+84
0.05 0.0505051 7.51057e+84
0.05 0.0606061 1.18306e+85
0.05 0.0707071 1.6118e+85
0.05 0.0808081 1.94793e+85
0.05 0.0909091 2.11766e+85
0.05 0.10101 2.08644e+85
0.05 0.111111 1.86272e+85
0.05 0.121212 1.47857e+85
0.05 0.131313 9.60108e+84
0.05 0.141414 3.09775e+84
0.05 0.151515 4.83126e+84
0.05 0.161616 1.40713e+85
0.05 0.171717 2.39198e+85
0.05 0.181818 3.29957e+85
0.05 0.191919 3.95606e+85
0.05 0.20202 4.21315e+85
0.05 0.212121 4.00737e+85
0.05 0.222222 3.38637e+85
0.05 0.232323 2.49007e+85
0.05 0.242424 1.49873e+85
0.05 0.252525 5.75053e+84
0.05 0.262626 1.74344e+84
0.05 0.272727 7.07133e+84
0.05 0.282828 1.02847e+85
0.05 0.292929 1.16293e+85
0.05 0.30303 1.12874e+85
0.05 0.313131 9.23917e+84
0.05 0.323232 5.31001e+84
0.05 0.333333 5.78873e+83
0.05 0.343434 8.04371e+84
0.05 0.353535 1.59841e+85
0.05 0.363636 2.2708e+85
0.05 0.373737 2.6531e+85
0.05 0.383838 2.66146e+85
0.05 0.393939 2.3567e+85
0.05 0.40404 1.93814e+85
0.05 0.414141 1.66455e+85
0.05 0.424242 1.73805e+85
0.05 0.434343 2.2081e+85
0.05 0.444444 2.94258e+85
0.05 0.454545 3.67962e+85
0.05 0.464646 4.13707e+85
0.05 0.474747 4.13174e+85
0.05 0.484848 3.65646e+85
0.05 0.494949 2.88135e+85
0.05 0.505051 2.07864e+85
0.05 0.515152 1.50641e+85
0.05 0.525253 1.30552e+85
0.05 0.535354 1.4556e+85
0.05 0.545455 1.80369e+85
0.05 0.555556 2.1426e+85
0.05 0.565657 2.29666e+85
0.05 0.575758 2.17794e+85
0.05 0.585859 1.79797e+85
0.05 0.59596 1.24277e+85
0.05 0.606061 6.31338e+84
0.05 0.616162 7.83041e+83
0.05 0.626263 3.27272e+84
0.05 0.636364 5.27258e+84
0.05 0.646465 4.93866e+84
0.05 0.656566 2.33002e+84
0.05 0.666667 2.07706e+84
0.05 0.676768 7.34829e+84
0.05 0.686869 1.21743e+85
0.05 0.69697 1.50756e+85
0.05 0.707071 1.46705e+85
0.05 0.717172 9.97624e+84
0.05 0.727273 7.56906e+83
0.05 0.737374 1.21547e+85
0.05 0.747475 2.67915e+85
0.05 0.757576 4.04955e+85
0.05 0.767677 5.08529e+85
0.05 0.777778 5.66862e+85
0.05 0.787879 5.84909e+85
0.05 0.79798 5.79852e+85
0.05 0.808081 5.70299e+85
0.05 0.818182 5.66057e+85
0.05 0.828283 5.64733e+85
0.05 0.838384 5.56326e+85
0.05 0.848485 5.31431e+85
0.05 0.858586 4.868e+85
0.05 0.868687 4.24916e+85
0.05 0.878788 3.49299e+85
0.05 0.888889 2.60431e+85
0.05 0.89899 1.562e+85
0.05 0.909091 3.66881e+84
0.05 0.919192 9.06106e+84
0.05 0.929293 2.09642e+85
0.05 0.939394 3.00338e+85
0.05 0.949495 3.46425e+85
0.05 0.959596 3.41813e+85
0.05 0.969697 2.91885e+85
0.05 0.979798 2.09459e+85
0.05 0.989899 1.08543e+85
0.05 1 1.42109e-14
0.0525 0 0
0.0525 0.010101 2.74672e+87
0.0525 0.020202 4.24366e+88
0.0525 0.030303 1.7583e+89
0.0525 0.040404 4.20066e+89
0.0525 0.0505051 7.69155e+89
0.0525 0.0606061 1.18223e+90
0.0525 0.0707071 1.58863e+90
0.0525 0.0808081 1.90631e+90
0.0525 0.0909091 2.0674e+90
0.0525 0.10101 2.0383e+90
0.0525 0.111111 1.82259e+90
0.0525 0.121212 1.44498e+90
0.0525 0.131313 9.27131e+89
0.0525 0.141414 2.7413e+89
0.0525 0.151515 5.15896e+89
0.0525 0.161616 1.42233e+90
0.0525 0.171717 2.37264e+90
0.0525 0.181818 3.23676e+90
0.0525 0.191919 3.85617e+90
0.0525 0.20202 4.09739e+90
0.0525 0.212121 3.90352e+90
0.0525 0.222222 3.31751e+90
0.0525 0.232323 2.46628e+90
0.0525 0.242424 1.51563e+90
0.0525 0.252525 6.18617e+89
0.0525 0.262626 1.2019e+89
0.0525 0.272727 6.54262e+89
0.0525 0.282828 9.81739e+89
0.0525 0.292929 1.12075e+90
0.0525 0.30303 1.08607e+90
0.0525 0.313131 8.76884e+89
0.0525 0.323232 4.82002e+89
0.0525 0.333333 9.72857e+88
0.0525 0.343434 8.16251e+89
0.0525 0.353535 1.56798e+90
0.0525 0.363636 2.19826e+90
0.0525 0.373737 2.55959e+90
0.0525 0.383838 2.58315e+90
0.0525 0.393939 2.32823e+90
0.0525 0.40404 1.97436e+90
0.0525 0.414141 1.75131e+90
0.0525 0.424242 1.83717e+90
0.0525 0.434343 2.27419e+90
0.0525 0.444444 2.94319e+90
0.0525 0.454545 3.60968e+90
0.0525 0.464646 4.02133e+90
0.0525 0.474747 4.01421e+90
0.0525 0.484848 3.58147e+90
0.0525 0.494949 2.87443e+90
0.0525 0.505051 2.13624e+90
0.0525 0.515152 1.59923e+90
0.0525 0.525253 1.39325e+90
0.0525 0.535354 1.50509e+90
0.0525 0.545455 1.80138e+90
0.0525 0.555556 2.09637e+90
0.0525 0.565657 2.22844e+90
0.0525 0.575758 2.11261e+90
0.0525 0.585859 1.75415e+90
0.0525 0.59596 1.2287e+90
0.0525 0.606061 6.45931e+89
0.0525 0.616162 1.15168e+89
0.0525 0.626263 2.75871e+89
0.0525 0.636364 4.68908e+89
0.0525 0.646465 4.36993e+89
0.0525 0.656566 1.88038e+89
0.0525 0.666667 2.29308e+89
0.0525 0.676768 7.23691e+89
0.0525 0.686869 1.1693e+90
0.0525 0.69697 1.42489e+90
0.0525 0.707071 1.35981e+90
0.0525 0.717172 8.84487e+89
0.0525 0.727273 1.66177e+88
0.0525 0.737374 1.25859e+90
0.0525 0.747475 2.6558e+90
0.0525 0.757576 3.96584e+90
0.0525 0.767677 4.97214e+90
0.0525 0.777778 5.56785e+90
0.0525 0.787879 5.79127e+90
0.0525 0.79798 5.78722e+90
0.0525 0.808081 5.71621e+90
0.0525 0.818182 5.66781e+90
0.0525 0.828283 5.62956e+90
0.0525 0.838384 5.52198e+90
0.0525 0.848485 5.26492e+90
0.0525 0.858586 4.82482e+90
0.0525 0.868687 4.21479e+90
0.0525 0.878788 3.45983e+90
0.0525 0.888889 2.56587e+90
0.0525 0.89899 1.52378e+90
0.0525 0.909091 3.4741e+89
0.0525 0.919192 8.85429e+89
0.0525 0.929293 2.02556e+90
0.0525 0.939394 2.89183e+90
0.0525 0.949495 3.33747e+90
0.0525 0.959596 3.30481e+90
0.0525 0.969697 2.83757e+90
0.0525 0.979798 2.04834e+90
0.0525 0.989899 1.06635e+90
0.0525 1 1.42109e-14
0.055 0 0
0.055 0.010101 9.23581e+92
0.055 0.020202 6.44886e+93
0.055 0.030303 2.03539e+94
0.055 0.040404 4.46275e+94
0.055 0.0505051 7.85144e+94
0.055 0.0606061 1.18055e+95
0.055 0.0707071 1.56643e+95
0.055 0.0808081 1.86714e+95
0.055 0.0909091 2.01983e+95
0.055 0.10101 1.99163e+95
0.055 0.111111 1.7821e+95
0.055 0.121212 1.40991e+95
0.055 0.131313 8.93333e+94
0.055 0.141414 2.39871e+94
0.055 0.151515 5.44992e+94
0.055 0.161616 1.43328e+95
0.055 0.171717 2.35107e+95
0.055 0.181818 3.17555e+95
0.055 0.191919 3.76158e+95
0.055 0.20202 3.98858e+95
0.055 0.212121 3.80545e+95
0.055 0.222222 3.25117e+95
0.055 0.232323 2.4414e+95
0.055 0.242424 1.52903e+95
0.055 0.252525 6.58163e+94
0.055 0.262626 6.90052e+93
0.055 0.272727 6.02607e+94
0.055 0.282828 9.34614e+94
0.055 0.292929 1.07732e+95
0.055 0.30303 1.04243e+95
0.055 0.313131 8.30451e+94
0.055 0.323232 4.35896e+94
0.055 0.333333 1.32204e+94
0.055 0.343434 8.24434e+94
0.055 0.353535 1.5376e+95
0.055 0.363636 2.131e+95
0.055 0.373737 2.47512e+95
0.055 0.383838 2.5135e+95
0.055 0.393939 2.30347e+95
0.055 0.40404 2.00704e+95
0.055 0.414141 1.82852e+95
0.055 0.424242 1.92494e+95
0.055 0.434343 2.33216e+95
0.055 0.444444 2.94253e+95
0.055 0.454545 3.54594e+95
0.055 0.464646 3.9166e+95
0.055 0.474747 3.90777e+95
0.055 0.484848 3.51286e+95
0.055 0.494949 2.86661e+95
0.055 0.505051 2.18651e+95
0.055 0.515152 1.68197e+95
0.055 0.525253 1.47269e+95
0.055 0.535354 1.55119e+95
0.055 0.545455 1.80103e+95
0.055 0.555556 2.05562e+95
0.055 0.565657 2.16644e+95
0.055 0.575758 2.05193e+95
0.055 0.585859 1.71238e+95
0.055 0.59596 1.21436e+95
0.055 0.606061 6.58926e+94
0.055 0.616162 1.50098e+94
0.055 0.626263 2.26368e+94
0.055 0.636364 4.12665e+94
0.055 0.646465 3.82729e+94
0.055 0.656566 1.45939e+94
0.055 0.666667 2.48565e+94
0.055 0.676768 7.1149e+94
0.055 0.686869 1.12178e+95
0.055 0.69697 1.34471e+95
0.055 0.707071 1.25723e+95
0.055 0.717172 7.78032e+94
0.055 0.727273 1.01834e+94
0.055 0.737374 1.29739e+95
0.055 0.747475 2.63398e+95
0.055 0.757576 3.88987e+95
0.055 0.767677 4.86944e+95
0.055 0.777778 5.47472e+95
0.055 0.787879 5.73434e+95
0.055 0.79798 5.77042e+95
0.055 0.808081 5.72181e+95
0.055 0.818182 5.67029e+95
0.055 0.828283 5.61217e+95
0.055 0.838384 5.48456e+95
0.055 0.848485 5.21911e+95
0.055 0.858586 4.78229e+95
0.055 0.868687 4.17851e+95
0.055 0.878788 3.42504e+95
0.055 0.888889 2.52881e+95
0.055 0.89899 1.4902e+95
0.055 0.909091 3.3329e+94
0.055 0.919192 8.62243e+94
0.055 0.929293 1.95707e+95
0.055 0.939394 2.78664e+95
0.055 0.949495 3.21786e+95
0.055 0.959596 3.19613e+95
0.055 0.969697 2.75705e+95
0.055 0.979798 2.00013e+95
0.055 0.989899 1.04525e+95
0.055 1 1.42109e-14
0.0575 0 0
0.0575 0.010101 2.074e+98
0.0575 0.020202 8.54372e+98
0.0575 0.030303 2.29458e+99
0.0575 0.040404 4.70304e+99
0.0575 0.0505051 7.99271e+99
0.0575 0.0606061 1.17816e+100
0.0575 0.0707071 1.54512e+100
0.0575 0.0808081 1.83012e+100
0.0575 0.0909091 1.97459e+100
0.0575 0.10101 1.94628e+100
0.0575 0.111111 1.74141e+100
0.0575 0.121212 1.3738e+100
0.0575 0.131313 8.59102e+99
0.0575 0.141414 2.07018e+99
0.0575 0.151515 5.70843e+99
0.0575 0.161616 1.44064e+100
0.0575 0.171717 2.32772e+100
0.0575 0.181818 3.11591e+100
0.0575 0.191919 3.67179e+100
0.0575 0.20202 3.886e+100
0.0575 0.212121 3.71262e+100
0.0575 0.222222 3.18727e+100
0.0575 0.232323 2.41573e+100
0.0575 0.242424 1.53939e+100
0.0575 0.252525 6.9408e+99
0.0575 0.262626 2.0613e+98
0.0575 0.272727 5.52202e+99
0.0575 0.282828 8.87279e+99
0.0575 0.292929 1.03291e+100
0.0575 0.30303 9.98148e+99
0.0575 0.313131 7.84799e+99
0.0575 0.323232 3.92505e+99
0.0575 0.333333 1.63235e+99
0.0575 0.343434 8.2966e+99
0.0575 0.353535 1.50764e+100
0.0575 0.363636 2.06866e+100
0.0575 0.373737 2.39866e+100
0.0575 0.383838 2.45137e+100
0.0575 0.393939 2.28185e+100
0.0575 0.40404 2.0365e+100
0.0575 0.414141 1.89724e+100
0.0575 0.424242 2.00262e+100
0.0575 0.434343 2.38293e+100
0.0575 0.444444 2.94076e+100
0.0575 0.454545 3.48772e+100
0.0575 0.464646 3.82169e+100
0.0575 0.474747 3.81121e+100
0.0575 0.484848 3.44999e+100
0.0575 0.494949 2.85812e+100
0.0575 0.505051 2.23038e+100
0.0575 0.515152 1.75577e+100
0.0575 0.525253 1.54462e+100
0.0575 0.535354 1.59401e+100
0.0575 0.545455 1.8022e+100
0.0575 0.555556 2.01966e+100
0.0575 0.565657 2.11009e+100
0.0575 0.575758 1.99565e+100
0.0575 0.585859 1.67275e+100
0.0575 0.59596 1.19999e+100
0.0575 0.606061 6.7057e+99
0.0575 0.616162 1.83187e+99
0.0575 0.626263 1.78824e+99
0.0575 0.636364 3.58603e+99
0.0575 0.646465 3.31012e+99
0.0575 0.656566 1.06509e+99
0.0575 0.666667 2.65668e+99
0.0575 0.676768 6.98325e+99
0.0575 0.686869 1.07493e+100
0.0575 0.69697 1.26709e+100
0.0575 0.707071 1.15929e+100
0.0575 0.717172 6.77858e+99
0.0575 0.727273 1.80755e+99
0.0575 0.737374 1.33263e+100
0.0575 0.747475 2.61378e+100
0.0575 0.757576 3.82075e+100
0.0575 0.767677 4.77582e+100
0.0575 0.777778 5.38825e+100
0.0575 0.787879 5.6784e+100
0.0575 0.79798 5.74919e+100
0.0575 0.808081 5.72103e+100
0.0575 0.818182 5.66859e+100
0.0575 0.828283 5.59474e+100
0.0575 0.838384 5.45004e+100
0.0575 0.848485 5.17621e+100
0.0575 0.858586 4.7405e+100
0.0575 0.868687 4.14105e+100
0.0575 0.878788 3.38932e+100
0.0575 0.888889 2.49319e+100
0.0575 0.89899 1.46061e+100
0.0575 0.909091 3.2363e+99
0.0575 0.919192 8.37059e+99
0.0575 0.929293 1.89074e+100
0.0575 0.939394 2.68703e+100
0.0575 0.949495 3.10459e+100
0.0575 0.959596 3.09176e+100
0.0575 0.969697 2.67756e+100
0.0575 0.979798 1.95062e+100
0.0575 0.989899 1.02265e+100
0.0575 1 1.42109e-14
0.06 0 0
0.06 0.010101 3.17291e+103
0.06 0.020202 1.05267e+104
0.06 0.030303 2.53662e+104
0.06 0.040404 4.92329e+104
0.06 0.0505051 8.11743e+104
0.06 0.0606061 1.17517e+105
0.06 0.0707071 1.52462e+105
0.06 0.0808081 1.79497e+105
0.06 0.0909091 1.93137e+105
0.06 0.10101 1.90212e+105
0.06 0.111111 1.70071e+105
0.06 0.121212 1.33701e+105
0.06 0.131313 8.24746e+104
0.06 0.141414 1.75572e+104
0.06 0.151515 5.93822e+104
0.06 0.161616 1.44495e+105
0.06 0.171717 2.30297e+105
0.06 0.181818 3.0578e+105
0.06 0.191919 3.58633e+105
0.06 0.20202 3.78907e+105
0.06 0.212121 3.62459e+105
0.06 0.222222 3.12569e+105
0.06 0.232323 2.3895e+105
0.06 0.242424 1.54713e+105
0.06 0.252525 7.26727e+104
0.06 0.262626 2.51632e+103
0.06 0.272727 5.03069e+104
0.06 0.282828 8.39908e+104
0.06 0.292929 9.87801e+104
0.06 0.30303 9.53491e+104
0.06 0.313131 7.40055e+104
0.06 0.323232 3.5164e+104
0.06 0.333333 1.90905e+104
0.06 0.343434 8.32541e+104
0.06 0.353535 1.47839e+105
0.06 0.363636 2.01088e+105
0.06 0.373737 2.32931e+105
0.06 0.383838 2.39579e+105
0.06 0.393939 2.26287e+105
0.06 0.40404 2.063e+105
0.06 0.414141 1.95838e+105
0.06 0.424242 2.07133e+105
0.06 0.434343 2.42728e+105
0.06 0.444444 2.93801e+105
0.06 0.454545 3.43444e+105
0.06 0.464646 3.73554e+105
0.06 0.474747 3.72349e+105
0.06 0.484848 3.39229e+105
0.06 0.494949 2.84912e+105
0.06 0.505051 2.26864e+105
0.06 0.515152 1.82162e+105
0.06 0.525253 1.60974e+105
0.06 0.535354 1.63369e+105
0.06 0.545455 1.8045e+105
0.06 0.555556 1.98788e+105
0.06 0.565657 2.05885e+105
0.06 0.575758 1.94351e+105
0.06 0.585859 1.63527e+105
0.06 0.59596 1.18581e+105
0.06 0.606061 6.81073e+104
0.06 0.616162 2.14528e+104
0.06 0.626263 1.33264e+104
0.06 0.636364 3.06757e+104
0.06 0.646465 2.8178e+104
0.06 0.656566 6.95893e+103
0.06 0.666667 2.80785e+104
0.06 0.676768 6.84304e+104
0.06 0.686869 1.02881e+105
0.06 0.69697 1.19209e+105
0.06 0.707071 1.06587e+105
0.06 0.717172 5.83556e+104
0.06 0.727273 2.5407e+104
0.06 0.737374 1.36494e+105
0.06 0.747475 2.59521e+105
0.06 0.757576 3.75774e+105
0.06 0.767677 4.69011e+105
0.06 0.777778 5.30763e+105
0.06 0.787879 5.6235e+105
0.06 0.79798 5.72439e+105
0.06 0.808081 5.7149e+105
0.06 0.818182 5.66318e+105
0.06 0.828283 5.57697e+105
0.06 0.838384 5.41771e+105
0.06 0.848485 5.13569e+105
0.06 0.858586 4.69952e+105
0.06 0.868687 4.10294e+105
0.06 0.878788 3.35319e+105
0.06 0.888889 2.45905e+105
0.06 0.89899 1.43449e+105
0.06 0.909091 3.17699e+104
0.06 0.919192 8.10298e+104
0.06 0.929293 1.82637e+105
0.06 0.939394 2.59232e+105
0.06 0.949495 2.99696e+105
0.06 0.959596 2.99139e+105
0.06 0.969697 2.59935e+105
0.06 0.979798 1.90034e+105
0.06 0.989899 9.98968e+104
0.06 1 1.42109e-14
0.0625 0 0
0.0625 0.010101 4.2181e+108
0.0625 0.020202 1.2398e+109
0.0625 0.030303 2.76228e+109
0.0625 0.040404 5.12511e+109
0.0625 0.0505051 8.22737e+109
0.0625 0.0606061 1.17166e+110
0.0625 0.0707071 1.50483e+110
0.0625 0.0808081 1.76146e+110
0.0625 0.0909091 1.88994e+110
0.0625 0.10101 1.85906e+110
0.0625 0.111111 1.66012e+110
0.0625 0.121212 1.29986e+110
0.0625 0.131313 7.90511e+109
0.0625 0.141414 1.45515e+109
0.0625 0.151515 6.14249e+109
0.0625 0.161616 1.44666e+110
0.0625 0.171717 2.27715e+110
0.0625 0.181818 3.0012e+110
0.0625 0.191919 3.50485e+110
0.0625 0.20202 3.69723e+110
0.0625 0.212121 3.54095e+110
0.0625 0.222222 3.06634e+110
0.0625 0.232323 2.36293e+110
0.0625 0.242424 1.55261e+110
0.0625 0.252525 7.5643e+109
0.0625 0.262626 6.8496e+108
0.0625 0.272727 4.55216e+109
0.0625 0.282828 7.92663e+109
0.0625 0.292929 9.42241e+109
0.0625 0.30303 9.087e+109
0.0625 0.313131 6.96303e+109
0.0625 0.323232 3.13104e+109
0.0625 0.333333 2.15676e+109
0.0625 0.343434 8.33585e+109
0.0625 0.353535 1.45003e+110
0.0625 0.363636 1.95735e+110
0.0625 0.373737 2.2663e+110
0.0625 0.383838 2.34592e+110
0.0625 0.393939 2.24611e+110
0.0625 0.40404 2.08679e+110
0.0625 0.414141 2.01275e+110
0.0625 0.424242 2.13206e+110
0.0625 0.434343 2.46595e+110
0.0625 0.444444 2.93441e+110
0.0625 0.454545 3.38557e+110
0.0625 0.464646 3.65721e+110
0.0625 0.474747 3.64366e+110
0.0625 0.484848 3.33926e+110
0.0625 0.494949 2.83977e+110
0.0625 0.505051 2.30198e+110
0.0625 0.515152 1.88039e+110
0.0625 0.525253 1.66868e+110
0.0625 0.535354 1.67039e+110
0.0625 0.545455 1.80762e+110
0.0625 0.555556 1.95976e+110
0.0625 0.565657 2.01225e+110
0.0625 0.575758 1.89527e+110
0.0625 0.585859 1.59995e+110
0.0625 0.59596 1.17198e+110
0.0625 0.606061 6.90615e+109
0.0625 0.616162 2.44214e+109
0.0625 0.626263 8.96878e+108
0.0625 0.636364 2.57136e+109
0.0625 0.646465 2.34974e+109
0.0625 0.656566 3.50428e+108
0.0625 0.666667 2.94069e+109
0.0625 0.676768 6.69544e+109
0.0625 0.686869 9.83492e+109
0.0625 0.69697 1.1197e+110
0.0625 0.707071 9.76836e+109
0.0625 0.717172 4.94722e+109
0.0625 0.727273 3.22378e+109
0.0625 0.737374 1.39477e+110
0.0625 0.747475 2.57825e+110
0.0625 0.757576 3.70016e+110
0.0625 0.767677 4.61135e+110
0.0625 0.777778 5.23216e+110
0.0625 0.787879 5.5697e+110
0.0625 0.79798 5.69674e+110
0.0625 0.808081 5.70429e+110
0.0625 0.818182 5.6545e+110
0.0625 0.828283 5.55865e+110
0.0625 0.838384 5.38696e+110
0.0625 0.848485 5.0971e+110
0.0625 0.858586 4.65937e+110
0.0625 0.868687 4.0646e+110
0.0625 0.878788 3.31706e+110
0.0625 0.888889 2.42642e+110
0.0625 0.89899 1.41142e+110
0.0625 0.909091 3.14895e+109
0.0625 0.919192 7.82309e+109
0.0625 0.929293 1.76382e+110
0.0625 0.939394 2.50197e+110
0.0625 0.949495 2.89438e+110
0.0625 0.959596 2.89474e+110
0.0625 0.969697 2.52258e+110
0.0625 0.979798 1.84973e+110
0.0625 0.989899 9.7456e+109
0.0625 1 1.42109e-14
0.065 0 0
0.065 0.010101 5.20852e+113
0.065 0.020202 1.41591e+114
0.065 0.030303 2.97234e+114
0.065 0.040404 5.30992e+114
0.065 0.0505051 8.32403e+114
0.065 0.0606061 1.16771e+115
0.065 0.0707071 1.48568e+115
0.065 0.0808081 1.72941e+115
0.065 0.0909091 1.85008e+115
0.065 0.10101 1.81703e+115
0.065 0.111111 1.61977e+115
0.065 0.121212 1.26257e+115
0.065 0.131313 7.5659e+114
0.065 0.141414 1.16822e+114
0.065 0.151515 6.32404e+114
0.065 0.161616 1.44616e+115
0.065 0.171717 2.25052e+115
0.065 0.181818 2.94607e+115
0.065 0.191919 3.42699e+115
0.065 0.20202 3.61002e+115
0.065 0.212121 3.46133e+115
0.065 0.222222 3.00911e+115
0.065 0.232323 2.33618e+115
0.065 0.242424 1.55613e+115
0.065 0.252525 7.83483e+114
0.065 0.262626 1.09551e+114
0.065 0.272727 4.08645e+114
0.065 0.282828 7.45688e+114
0.065 0.292929 8.96452e+114
0.065 0.30303 8.63977e+114
0.065 0.313131 6.53595e+114
0.065 0.323232 2.76706e+114
0.065 0.333333 2.37956e+114
0.065 0.343434 8.33212e+114
0.065 0.353535 1.42274e+115
0.065 0.363636 1.90774e+115
0.065 0.373737 2.20894e+115
0.065 0.383838 2.30104e+115
0.065 0.393939 2.23121e+115
0.065 0.40404 2.10809e+115
0.065 0.414141 2.06107e+115
0.065 0.424242 2.18569e+115
0.065 0.434343 2.49957e+115
0.065 0.444444 2.93005e+115
0.065 0.454545 3.34066e+115
0.065 0.464646 3.58588e+115
0.065 0.474747 3.57091e+115
0.065 0.484848 3.29046e+115
0.065 0.494949 2.83017e+115
0.065 0.505051 2.33101e+115
0.065 0.515152 1.93284e+115
0.065 0.525253 1.72202e+115
0.065 0.535354 1.70426e+115
0.065 0.545455 1.81133e+115
0.065 0.555556 1.93483e+115
0.065 0.565657 1.96986e+115
0.065 0.575758 1.85066e+115
0.065 0.585859 1.56677e+115
0.065 0.59596 1.15862e+115
0.065 0.606061 6.99349e+114
0.065 0.616162 2.72336e+114
0.065 0.626263 4.80735e+113
0.065 0.636364 2.09731e+114
0.065 0.646465 1.90529e+114
0.065 0.656566 2.74737e+112
0.065 0.666667 3.05657e+114
0.065 0.676768 6.54155e+114
0.065 0.686869 9.39048e+114
0.065 0.69697 1.04992e+115
0.065 0.707071 8.92014e+114
0.065 0.717172 4.10971e+114
0.065 0.727273 3.86199e+114
0.065 0.737374 1.42253e+115
0.065 0.747475 2.56283e+115
0.065 0.757576 3.64744e+115
0.065 0.767677 4.53871e+115
0.065 0.777778 5.16129e+115
0.065 0.787879 5.51702e+115
0.065 0.79798 5.66681e+115
0.065 0.808081 5.6899e+115
0.065 0.818182 5.64293e+115
0.065 0.828283 5.53964e+115
0.065 0.838384 5.35737e+115
0.065 0.848485 5.06008e+115
0.065 0.858586 4.62006e+115
0.065 0.868687 4.02637e+115
0.065 0.878788 3.28125e+115
0.065 0.888889 2.39531e+115
0.065 0.89899 1.39103e+115
0.065 0.909091 3.14722e+114
0.065 0.919192 7.53378e+114
0.065 0.929293 1.70296e+115
0.065 0.939394 2.41551e+115
0.065 0.949495 2.79634e+115
0.065 0.959596 2.80158e+115
0.065 0.969697 2.44738e+115
0.065 0.979798 1.79913e+115
0.065 0.989899 9.49703e+114
0.065 1 1.42109e-14
0.0675 0 0
0.0675 0.010101 6.14399e+118
0.0675 0.020202 1.58124e+119
0.0675 0.030303 3.1676e+119
0.0675 0.040404 5.479e+119
0.0675 0.0505051 8.40869e+119
0.0675 0.0606061 1.16336e+120
0.0675 0.0707071 1.4671e+120
0.0675 0.0808081 1.69863e+120
0.0675 0.0909091 1.81163e+120
0.0675 0.10101 1.77596e+120
0.0675 0.111111 1.57977e+120
0.0675 0.121212 1.22536e+120
0.0675 0.131313 7.23136e+119
0.0675 0.141414 8.94562e+118
0.0675 0.151515 6.48531e+119
0.0675 0.161616 1.4438e+120
0.0675 0.171717 2.22329e+120
0.0675 0.181818 2.89238e+120
0.0675 0.191919 3.35249e+120
0.0675 0.20202 3.52706e+120
0.0675 0.212121 3.38541e+120
0.0675 0.222222 2.9539e+120
0.0675 0.232323 2.30937e+120
0.0675 0.242424 1.55796e+120
0.0675 0.252525 8.08154e+119
0.0675 0.262626 1.48484e+119
0.0675 0.272727 3.63353e+119
0.0675 0.282828 6.99111e+119
0.0675 0.292929 8.50633e+119
0.0675 0.30303 8.19492e+119
0.0675 0.313131 6.11962e+119
0.0675 0.323232 2.4226e+119
0.0675 0.333333 2.58102e+119
0.0675 0.343434 8.3177e+119
0.0675 0.353535 1.39659e+120
0.0675 0.363636 1.86177e+120
0.0675 0.373737 2.15664e+120
0.0675 0.383838 2.26053e+120
0.0675 0.393939 2.21787e+120
0.0675 0.40404 2.12709e+120
0.0675 0.414141 2.10396e+120
0.0675 0.424242 2.23298e+120
0.0675 0.434343 2.52869e+120
0.0675 0.444444 2.92505e+120
0.0675 0.454545 3.29928e+120
0.0675 0.464646 3.5208e+120
0.0675 0.474747 3.5045e+120
0.0675 0.484848 3.24547e+120
0.0675 0.494949 2.82042e+120
0.0675 0.505051 2.35623e+120
0.0675 0.515152 1.97966e+120
0.0675 0.525253 1.77027e+120
0.0675 0.535354 1.73545e+120
0.0675 0.545455 1.81542e+120
0.0675 0.555556 1.91269e+120
0.0675 0.565657 1.93128e+120
0.0675 0.575758 1.80947e+120
0.0675 0.585859 1.53569e+120
0.0675 0.59596 1.14583e+120
0.0675 0.606061 7.07407e+119
0.0675 0.616162 2.98984e+119
0.0675 0.626263 8.38491e+117
0.0675 0.636364 1.64514e+119
0.0675 0.646465 1.48382e+119
0.0675 0.656566 2.74081e+118
0.0675 0.666667 3.15677e+119
0.0675 0.676768 6.38247e+119
0.0675 0.686869 8.95534e+119
0.0675 0.69697 9.82716e+119
0.0675 0.707071 8.11221e+119
0.0675 0.717172 3.31935e+119
0.0675 0.727273 4.45985e+119
0.0675 0.737374 1.44851e+120
0.0675 0.747475 2.54888e+120
0.0675 0.757576 3.59907e+120
0.0675 0.767677 4.47149e+120
0.0675 0.777778 5.09453e+120
0.0675 0.787879 5.46548e+120
0.0675 0.79798 5.63508e+120
0.0675 0.808081 5.67233e+120
0.0675 0.818182 5.62879e+120
0.0675 0.828283 5.51984e+120
0.0675 0.838384 5.32856e+120
0.0675 0.848485 5.02435e+120
0.0675 0.858586 4.5816e+120
0.0675 0.868687 3.98847e+120
0.0675 0.878788 3.24601e+120
0.0675 0.888889 2.3657e+120
0.0675 0.89899 1.37301e+120
0.0675 0.909091 3.1677e+119
0.0675 0.919192 7.23742e+119
0.0675 0.929293 1.64369e+120
0.0675 0.939394 2.33255e+120
0.0675 0.949495 2.70241e+120
0.0675 0.959596 2.71169e+120
0.0675 0.969697 2.37385e+120
0.0675 0.979798 1.74882e+120
0.0675 0.989899 9.24625e+119
0.0675 1 1.42109e-14
0.07 0 0
0.07 0.010101 7.02503e+123
0.07 0.020202 1.7361e+124
0.07 0.030303 3.34883e+124
0.07 0.040404 5.63352e+124
0.07 0.0505051 8.48242e+124
0.07 0.0606061 1.15866e+125
0.07 0.0707071 1.44903e+125
0.07 0.0808081 1.66898e+125
0.07 0.0909091 1.77444e+125
0.07 0.10101 1.73581e+125
0.07 0.111111 1.5402e+125
0.07 0.121212 1.1884e+125
0.07 0.131313 6.90266e+124
0.07 0.141414 6.33784e+123
0.07 0.151515 6.62845e+124
0.07 0.161616 1.43984e+125
0.07 0.171717 2.19567e+125
0.07 0.181818 2.84011e+125
0.07 0.191919 3.28107e+125
0.07 0.20202 3.44797e+125
0.07 0.212121 3.31291e+125
0.07 0.222222 2.90062e+125
0.07 0.232323 2.28263e+125
0.07 0.242424 1.55835e+125
0.07 0.252525 8.30681e+124
0.07 0.262626 1.85441e+124
0.07 0.272727 3.19329e+124
0.07 0.282828 6.53045e+124
0.07 0.292929 8.04959e+124
0.07 0.30303 7.75386e+124
0.07 0.313131 5.71413e+124
0.07 0.323232 2.09593e+124
0.07 0.333333 2.76426e+124
0.07 0.343434 8.2955e+124
0.07 0.353535 1.37167e+125
0.07 0.363636 1.81918e+125
0.07 0.373737 2.10888e+125
0.07 0.383838 2.22387e+125
0.07 0.393939 2.20582e+125
0.07 0.40404 2.14398e+125
0.07 0.414141 2.14198e+125
0.07 0.424242 2.27463e+125
0.07 0.434343 2.55383e+125
0.07 0.444444 2.91949e+125
0.07 0.454545 3.26107e+125
0.07 0.464646 3.46131e+125
0.07 0.474747 3.44378e+125
0.07 0.484848 3.20393e+125
0.07 0.494949 2.81061e+125
0.07 0.505051 2.37811e+125
0.07 0.515152 2.02143e+125
0.07 0.525253 1.81389e+125
0.07 0.535354 1.76413e+125
0.07 0.545455 1.81973e+125
0.07 0.555556 1.893e+125
0.07 0.565657 1.89616e+125
0.07 0.575758 1.77146e+125
0.07 0.585859 1.50665e+125
0.07 0.59596 1.13368e+125
0.07 0.606061 7.14899e+124
0.07