0.0025 19.703060859923
0.005 35.42678385081055
0.0075 47.96517093859943
0.01 57.95381952359922
0.0125 65.90152432733188
0.015 72.21557466797877
0.0175 77.22200490138327
0.02 81.1818048766649
0.0225 84.30389638800081
0.025 86.75552080991599
0.0275 88.67055438783849
0.03 90.15616461898598
0.0325 91.29813867789902
0.035 92.16514881518239
0.0375 92.81216680447656
0.04 93.28319720347858
0.0425 93.61346532636311
0.045 93.83116871328303
0.0475 93.95887917976484
0.05 94.01466515569648
0.0525 94.01299011644377
0.055 93.96543177596314
0.0575 93.88125780009116
0.06 93.76788666439356
0.0625 93.63125657036231
0.065 93.47612076242106
0.0675 93.30628392885964
0.07000000000000001 93.12479144051912
0.0725 92.93408083614777
0.075 92.73610308625922
0.0775 92.5324196647156
0.08 92.32428025441985
0.0825 92.1126849506355
0.08500000000000001 91.89843405467343
0.08750000000000001 91.68216793368123
0.09 91.46439892835896
0.0925 91.24553689504862
0.095 91.02590965214684
0.0975 90.80577934743401
0.1 90.58535556010136
0.1025 90.36480578890759
0.105 90.14426384793515
0.1075 89.92383658738194
0.11 89.70360927354618
0.1125 89.4836498954966
0.115 89.26401261255577
0.1175 89.04474051400484
0.12 88.8258678282225
0.1225 88.60742169109689
0.125 88.38942356163557
0.1275 88.17189035515815
0.13 87.9548353504144
0.1325 87.73826891572912
0.135 87.52219909027943
0.1375 87.30663204940439
0.14 87.09157247708379
0.1425 86.87702386410494
0.145 86.66298874674349
0.1475 86.44946889782577
0.15 86.2364654796722
0.1525 86.02397916652677
0.155 85.81201024256011
0.1575 85.60055868031944
0.16 85.38962420352601
0.1625 85.17920633734282
0.165 84.96930444861246
0.1675 84.75991777806564
0.17 84.55104546610295
0.1725 84.34268657343108
0.175 84.13484009758108
0.1775 83.92750498612952
0.18 83.72068014727999
0.1825 83.51436445833315
0.185 83.30855677246421
0.1875 83.10325592414775
0.19 82.89846073349844
0.1925 82.69417000974408
0.195 82.49038255400464
0.1975 82.28709716151496
0.2 82.08431262340298
0.2025 81.88202772811152
0.205 81.68024126253478
0.2075 81.47895201292678
0.21 81.27815876562718
0.2125 81.07786030764049
0.215 80.87805542709876
0.2175 80.67874291363006
0.22 80.47992155865207
0.2225 80.2815901556059
0.225 80.08374750014147
0.2275 79.88639239026473
0.23 79.68952362645371
0.2325 79.49314001175048
0.235 79.29724035183278
0.2375 79.10182345507043
0.24 78.90688813256858
0.2425 78.71243319820125
0.245 78.51845746863657
0.2475 78.32495976335569
0.25 78.13193890466636
0.2525 77.93939371771233
0.255 77.74732303047985
0.2575 77.55572567380112
0.26 77.3646004813554
0.2625 77.17394628966929
0.265 76.98376193811475
0.2675 76.79404626890653
0.27 76.6047981270988
0.2725 76.41601636058056
0.275 76.22769982007119
0.2775 76.0398473591153
0.28 75.85245783407697
0.2825 75.66553010413389
0.285 75.47906303127166
0.2875 75.2930554802774
0.29 75.10750631873337
0.2925 74.92241441701071
0.295 74.73777864826286
0.2975 74.55359788841896
0.3 74.3698710161773
0.3025 74.18659691299882
0.305 74.00377446310017
0.3075 73.82140255344723
0.31 73.63948007374844
0.3125 73.45800591644812
0.315 73.27697897671959
0.3175 73.09639815245887
0.32 72.91626234427758
0.3225 72.73657045549675
0.325 72.55732139213961
0.3275 72.37851406292556
0.33 72.20014737926309
0.3325 72.02222025524325
0.335 71.84473160763328
0.3375 71.66768035586975
0.34 71.49106542205215
0.3425 71.31488573093621
0.345 71.13914020992753
0.3475 70.96382778907491
0.35 70.78894740106384
0.3525 70.61449798121015
0.355 70.44047846745335
0.3575 70.2668878003502
0.36 70.09372492306844
0.3625 69.92098878138009
0.365 69.74867832365524
0.3675 69.57679250085559
0.37 69.40533026652795
0.3725 69.23429057679805
0.375 69.06367239036403
0.3775 68.89347466849033
0.38 68.72369637500098
0.3825 68.55433647627368
0.385 68.38539394123325
0.3875 68.21686774134551
0.39 68.04875685061094
0.3925 67.8810602455585
0.395 67.71377690523929
0.3975 67.5469058112204
0.4 67.38044594757872
0.4025 67.21439630089472
0.405 67.04875586024633
0.4075 66.88352361720277
0.41 66.71869856581833
0.4125 66.55427970262633
0.415 66.39026602663307
0.4175 66.22665653931153
0.42 66.06345024459557
0.4225 65.90064614887356
0.425 65.73824326098261
0.4275 65.57624059220237
0.43 65.41463715624897
0.4325 65.25343196926926
0.435 65.09262404983454
0.4375 64.93221241893468
0.44 64.77219609997235
0.4425 64.6125741187567
0.445 64.45334550349776
0.4475 64.29450928480037
0.45 64.13606449565833
0.4525 63.97801017144844
0.455 63.8203453499247
0.4575 63.6630690712125
0.46 63.50618037780257
0.4625 63.34967831454541
0.465 63.19356192864529
0.4675 63.03783026965451
0.47 62.88248238946766
0.4725 62.72751734231576
0.475 62.57293418476053
0.4775 62.41873197568872
0.48 62.26490977630629
0.4825 62.11146665013272
0.485 61.95840166299532
0.4875 61.80571388302354
0.49 61.65340238064325
0.4925 61.50146622857124
0.495 61.34990450180936
0.4975 61.19871627763899
0.5 61.04790063561546
0.5025000000000001 60.89745665756238
0.505 60.74738342756613
0.5075000000000001 60.59768003197014
0.51 60.44834555936949
0.5125 60.29937910060527
0.515 60.15077974875906
0.5175 60.00254659914739
0.52 59.85467874931631
0.5225 59.70717529903579
0.525 59.56003535029432
0.5275 59.41325800729341
0.53 59.26684237644212
0.5325 59.12078756635167
0.535 58.97509268782994
0.5375 58.82975685387616
0.54 58.68477917967538
0.5425 58.5401587825932
0.545 58.39589478217035
0.5475 58.25198630011727
0.55 58.1084324603089
0.5525 57.96523238877922
0.555 57.822385213716
0.5575 57.67989006545545
0.5600000000000001 57.53774607647693
0.5625 57.3959523813977
0.5650000000000001 57.25450811696769
0.5675 57.11341242206409
0.5700000000000001 56.97266443768626
0.5725 56.83226330695044
0.5750000000000001 56.69220817508457
0.5775 56.55249818942297
0.58 56.41313249940132
0.5825 56.27411025655136
0.585 56.13543061449578
0.5875 55.997092728943
0.59 55.85909575768215
0.5925 55.7214388605778
0.595 55.584121199565
0.5975 55.44714193864396
0.6 55.31050024387526
0.6025 55.17419528337447
0.605 55.03822622730728
0.6075 54.90259224788441
0.61 54.76729251935651
0.6125 54.63232621800919
0.615 54.49769252215798
0.6175 54.36339061214336
0.62 54.2294196703257
0.6225000000000001 54.0957788810804
0.625 53.96246743079278
0.6275000000000001 53.82948450785323
0.63 53.69682930265224
0.6325000000000001 53.56450100757545
0.635 53.43249881699881
0.6375000000000001 53.30082192728351
0.64 53.16946953677134
0.6425 53.03844084577953
0.645 52.90773505659606
0.6475 52.77735137347481
0.65 52.64728900263059
0.6525 52.51754715223446
0.655 52.38812503240873
0.6575 52.25902185522232
0.66 52.13023683468594
0.6625 52.00176918674713
0.665 51.87361812928577
0.6675 51.745782882109
0.67 51.6182626669468
0.6725 51.49105670744698
0.675 51.36416422917059
0.6775 51.23758445958716
0.68 51.11131662807008
0.6825 50.98535996589174
0.6850000000000001 50.85971370621902
0.6875 50.73437708410855
0.6900000000000001 50.60934933650204
0.6925 50.48462970222163
0.6950000000000001 50.3602174219653
0.6975 50.23611173830223
0.7000000000000001 50.11231189566819
0.7025 49.98881714036087
0.705 49.86562672053544
0.7075 49.74273988619981
0.71 49.62015588921019
0.7125 49.49787398326648
0.715 49.37589342390768
0.7175 49.25421346850751
0.72 49.13283337626967
0.7225 49.01175240822352
0.725 48.89096982721954
0.7275 48.77048489792471
0.73 48.65029688681823
0.7325 48.53040506218691
0.735 48.41080869412077
0.7375 48.29150705450859
0.74 48.17249941703351
0.7425 48.05378505716855
0.745 47.9353632521722
0.7475000000000001 47.81723328108408
0.75 47.6993944247205
0.7525000000000001 47.58184596567013
0.755 47.46458718828955
0.7575000000000001 47.34761737869896
0.76 47.23093582477784
0.7625000000000001 47.11454181616056
0.765 46.9984346442321
0.7675000000000001 46.88261360212373
0.77 46.76707798470867
0.7725 46.65182708859788
0.775 46.53686021213566
0.7775 46.42217665539548
0.78 46.30777572017569
0.7825 46.1936567099952
0.785 46.0798189300894
0.7875 45.9662616874057
0.79 45.85298429059957
0.7925 45.73998605003015
0.795 45.62726627775606
0.7975 45.51482428753126
0.8 45.40265939480098
0.8025 45.29077091669733
0.805 45.17915817203528
0.8075 45.06782048130847
0.8100000000000001 44.95675716668509
0.8125 44.84596755200378
0.8150000000000001 44.7354509627695
0.8175 44.62520672614934
0.8200000000000001 44.51523417096853
0.8225 44.40553262770631
0.8250000000000001 44.29610142849193
0.8275 44.18693990710036
0.8300000000000001 44.07804739894853
0.8325 43.96942324109107
0.835 43.86106677221637
0.8375 43.75297733264252
0.84 43.64515426431333
0.8425 43.53759691079423
0.845 43.43030461726843
0.8475 43.32327673053276
0.85 43.21651259899385
0.8525 43.11001157266403
0.855 43.0037730031575
0.8575 42.89779624368624
0.86 42.79208064905618
0.8625 42.68662557566328
0.865 42.58143038148952
0.8675 42.47649442609903
0.87 42.37181707063427
0.8725000000000001 42.26739767781203
0.875 42.16323561191961
0.8775000000000001 42.05933023881092
0.88 41.95568092590265
0.8825000000000001 41.85228704217038
0.885 41.74914795814478
0.8875000000000001 41.64626304590777
0.89 41.54363167908866
0.8925000000000001 41.44125323286035
0.895 41.3391270839356
0.8975 41.23725261056313
0.9 41.13562919252387
0.9025 41.03425621112721
0.905 40.93313304920722
0.9075 40.83225909111888
0.91 40.73163372273432
0.9125 40.63125633143917
0.915 40.53112630612872
0.9175 40.43124303720418
0.92 40.33160591656911
0.9225 40.23221433762566
0.925 40.13306769527076
0.9275 40.03416538589263
0.93 39.93550680736693
0.9325 39.8370913590532
0.9350000000000001 39.73891844179119
0.9375 39.64098745789718
0.9400000000000001 39.54329781116036
0.9425 39.4458489068392
0.9450000000000001 39.3486401516578
0.9475 39.25167095380237
0.9500000000000001 39.15494072291749
0.9525 39.05844887010263
0.9550000000000001 38.96219480790852
0.9575 38.86617795033356
0.96 38.77039771282026
0.9625 38.67485351225175
0.965 38.57954476694808
0.9675 38.48447089666286
0.97 38.38963132257955
0.9725 38.2950254673081
0.975 38.20065275488128
0.9775 38.10651261075133
0.98 38.0126044617863
0.9825 37.91892773626673
0.985 37.825481863882
0.9875 37.73226627572699
0.99 37.6392804042986
0.9925 37.54652368349213
0.995 37.45399554859812
0.9975000000000001 37.36169543629868
1 37.26962278466413
1.0025 37.17777703314959
1.005 37.08615762259161
1.0075 36.99476399520469
1.01 36.90359559457789
1.0125 36.81265186567148
1.015 36.72193225481359
1.0175 36.63143620969674
1.02 36.54116317937456
1.0225 36.45111261425841
1.025 36.36128396611404
1.0275 36.27167668805821
1.03 36.18229023455546
1.0325 36.09312406141466
1.035 36.00417762578581
1.0375 35.91545038615667
1.04 35.82694180234946
1.0425 35.73865133551765
1.045 35.65057844814253
1.0475 35.56272260403015
1.05 35.47508326830782
1.0525 35.38765990742102
1.055 35.30045198913012
1.0575 35.21345898250708
1.06 35.12668035793231
1.0625 35.04011558709131
1.065 34.9537641429716
1.0675 34.86762549985945
1.07 34.78169913333665
1.0725 34.69598452027736
1.075 34.6104811388449
1.0775 34.52518846848857
1.08 34.44010598994054
1.0825 34.35523318521262
1.085 34.27056953759313
1.0875 34.18611453164372
1.09 34.1018676531963
1.0925 34.01782838934988
1.095 33.93399622846743
1.0975 33.85037066017279
1.1 33.76695117534752
1.1025 33.68373726612784
1.105 33.60072842590159
1.1075 33.51792414930497
1.11 33.4353239322197
1.1125 33.35292727176974
1.115 33.27073366631833
1.1175 33.18874261546498
1.12 33.10695362004231
1.1225 33.02536618211308
1.125 32.94397980496716
1.1275 32.86279399311849
1.13 32.78180825230206
1.1325 32.7010220894709
1.135 32.62043501279309
1.1375 32.54004653164878
1.14 32.45985615662715
1.1425 32.37986339952347
1.145 32.30006777333616
1.1475 32.22046879226377
1.15 32.141065971702
1.1525 32.06185882824081
1.155 31.98284687966149
1.1575 31.90402964493365
1.16 31.82540664421236
1.1625 31.74697739883519
1.165 31.66874143131928
1.1675 31.59069826535852
1.17 31.51284742582052
1.1725 31.43518843874383
1.175 31.35772083133501
1.1775 31.28044413196573
1.18 31.20335787016996
1.1825 31.12646157664101
1.185 31.04975478322879
1.1875 30.97323702293688
1.19 30.89690782991966
1.1925 30.8207667394796
1.195 30.7448132880643
1.1975 30.66904701326373
1.2 30.59346745380743
1.2025 30.51807414956163
1.205 30.44286664152654
1.2075 30.36784447183347
1.21 30.29300718374211
1.2125 30.21835432163774
1.215 30.14388543102839
1.2175 30.06960005854213
1.22 29.99549775192435
1.2225 29.92157806003492
1.225 29.84784053284547
1.2275 29.77428472143671
1.23 29.70091017799557
1.2325 29.62771645581264
1.235 29.55470310927929
1.2375 29.48186969388509
1.24 29.40921576621501
1.2425 29.33674088394675
1.245 29.26444460584806
1.2475 29.19232649177406
1.25 29.12038610266452
1.2525 29.04862300054123
1.255 28.97703674850531
1.2575 28.90562691073453
1.26 28.83439305248074
1.2625 28.76333474006713
1.265 28.69245154088561
1.2675 28.62174302339422
1.27 28.55120875711447
1.2725 28.48084831262872
1.275 28.41066126157755
1.2775 28.34064717665722
1.28 28.27080563161696
1.2825 28.2011362012565
1.285 28.13163846142334
1.2875 28.06231198901033
1.29 27.99315636195295
1.2925 27.92417115922679
1.295 27.85535596084504
1.2975 27.78671034785587
1.3 27.71823390233988
1.3025 27.64992620740761
1.305 27.58178684719692
1.3075 27.51381540687054
1.31 27.4460114726135
1.3125 27.37837463163061
1.315 27.31090447214395
1.3175 27.24360058339041
1.32 27.1764625556191
1.3225 27.10948998008892
1.325 27.04268244906606
1.3275 26.97603955582149
1.33 26.90956089462856
1.3325 26.84324606076043
1.335 26.77709465048763
1.3375 26.71110626107573
1.34 26.64528049078265
1.3425 26.57961693885643
1.345 26.51411520553268
1.3475 26.4487748920322
1.35 26.38359560055847
1.3525 26.31857693429534
1.355 26.25371849740453
1.3575 26.18901989502326
1.36 26.12448073326181
1.3625 26.06010061920119
1.365 25.99587916089065
1.3675 25.93181596734538
1.37 25.86791064854409
1.3725 25.80416281542667
1.375 25.74057207989174
1.3775 25.67713805479438
1.38 25.61386035394371
1.3825 25.55073859210061
1.385 25.48777238497527
1.3875 25.42496134922491
1.39 25.36230510245151
1.3925 25.29980326319934
1.395 25.2374554509528
1.3975 25.17526128613391
1.4 25.11322039010017
1.4025 25.05133238514221
1.405 24.98959689448142
1.4075 24.92801354226774
1.41 24.86658195357735
1.4125 24.80530175441032
1.415 24.74417257168846
1.4175 24.68319403325294
1.42 24.62236576786207
1.4225 24.56168740518904
1.425 24.50115857581965
1.4275 24.44077891125006
1.43 24.38054804388459
1.4325 24.32046560703341
1.435 24.26053123491038
1.4375 24.20074456263074
1.44 24.141105226209
1.4425 24.0816128625566
1.445 24.02226710947982
1.4475 23.96306760567747
1.45 23.90401399073875
1.4525 23.84510590514105
1.455 23.78634299024773
1.4575 23.72772488830598
1.46 23.66925124244462
1.4625 23.61092169667196
1.465 23.5527358958735
1.4675 23.49469348581
1.47 23.43679411311509
1.4725 23.37903742529328
1.475 23.32142307071774
1.4775 23.26395069862816
1.48 23.20661995912865
1.4825 23.14943050318558
1.485 23.09238198262546
1.4875 23.03547405013285
1.49 22.97870635924819
1.4925 22.92207856436573
1.495 22.86559032073139
1.4975 22.80924128444077
1.5 22.75303111243688
1.5025 22.69695946250821
1.505 22.64102599328655
1.5075 22.58523036424496
1.51 22.52957223569565
1.5125 22.47405126878798
1.515 22.41866712550635
1.5175 22.36341946866815
1.52 22.30830796192171
1.5225 22.25333226974423
1.525 22.1984920574398
1.5275 22.14378699113728
1.53 22.08921673778833
1.5325 22.03478096516536
1.535 21.98047934185951
1.5375 21.92631153727864
1.54 21.87227722164527
1.5425 21.81837606599465
1.545 21.76460774217269
1.5475 21.71097192283401
1.55 21.65746828143991
1.5525 21.60409649225644
1.555 21.5508562303523
1.5575 21.49774717159701
1.56 21.44476899265882
1.5625 21.3919213710028
1.565 21.33920398488888
1.5675 21.28661651336983
1.57 21.2341586362894
1.5725 21.18183003428026
1.575 21.1296303887622
1.5775 21.07755938194003
1.58 21.02561669680174
1.5825 20.97380201711658
1.585 20.92211502743307
1.5875 20.87055541307713
1.59 20.81912286015018
1.5925 20.76781705552715
1.595 20.71663768685466
1.5975 20.66558444254904
1.6 20.61465701179453
1.6025 20.56385508454128
1.605 20.51317835150353
1.6075 20.46262650415775
1.61 20.41219923474065
1.6125 20.36189623624745
1.615 20.3117172024299
1.6175 20.26166182779445
1.62 20.21172980760044
1.6225 20.16192083785815
1.625 20.11223461532703
1.6275 20.06267083751381
1.63 20.01322920267069
1.6325 19.96390940979347
1.635 19.91471115861973
1.6375 19.86563414962701
1.64 19.81667808403099
1.6425 19.76784266378363
1.645 19.71912759157143
1.6475 19.67053257081354
1.65 19.62205730566006
1.6525 19.57370150099005
1.655 19.52546486240997
1.6575 19.47734709625173
1.66 19.4293479095709
1.6625 19.38146701014505
1.665 19.33370410647185
1.6675 19.28605890776731
1.67 19.23853112396407
1.6725 19.19112046570961
1.675 19.14382664436445
1.6775 19.09664937200046
1.68 19.04958836139901
1.6825 19.00264332604933
1.685 18.95581398014669
1.6875 18.90910003859072
1.69 18.86250121698358
1.6925 18.81601723162833
1.695 18.76964779952717
1.6975 18.72339263837969
1.7 18.67725146658115
1.7025 18.63122400322083
1.705 18.58530996808025
1.7075 18.53950908163147
1.71 18.49382106503545
1.7125 18.44824564014028
1.715 18.40278252947953
1.7175 18.35743145627055
1.72 18.31219214441276
1.7225 18.267064318486
1.725 18.22204770374886
1.7275 18.17714202613697
1.73 18.13234701226138
1.7325 18.08766238940685
1.735 18.04308788553021
1.7375 17.99862322925868
1.74 17.95426814988829
1.7425 17.91002237738214
1.745 17.86588564236883
1.7475 17.82185767614076
1.75 17.77793821065253
1.7525 17.73412697851932
1.755 17.6904237130152
1.7575 17.6468281480716
1.76 17.6033400182756
1.7625 17.55995905886837
1.765 17.51668500574352
1.7675 17.47351759544555
1.77 17.43045656516819
1.7725 17.38750165275281
1.775 17.34465259668685
1.7775 17.30190913610219
1.78 17.25927101077361
1.7825 17.21673796111715
1.785 17.17430972818858
1.7875 17.13198605368179
1.79 17.08976667992723
1.7925 17.04765134989037
1.795 17.00563980717003
1.7975 16.96373179599698
1.8 16.92192706123225
1.8025 16.88022534836563
1.805 16.83862640351413
1.8075 16.79712997342042
1.81 16.75573580545124
1.8125 16.71444364759596
1.815 16.67325324846501
1.8175 16.63216435728824
1.82 16.59117672391361
1.8225 16.55029009880547
1.825 16.50950423304314
1.8275 16.46881887831935
1.83 16.42823378693874
1.8325 16.38774871181641
1.835 16.34736340647634
1.8375 16.30707762504988
1.84 16.26689112227435
1.8425 16.22680365349145
1.845 16.18681497464583
1.8475 16.14692484228353
1.85 16.1071330135506
1.8525 16.06743924619155
1.855 16.02784329854787
1.8575 15.98834492955665
1.86 15.94894389874899
1.8625 15.90963996624858
1.865 15.8704328927703
1.8675 15.8313224396187
1.87 15.79230836868654
1.8725 15.75339044245337
1.875 15.7145684239841
1.8775 15.6758420769275
1.88 15.63721116551482
1.8825 15.5986754545583
1.885 15.56023470944979
1.8875 15.5218886961593
1.89 15.48363718123357
1.8925 15.44547993179466
1.895 15.40741671553848
1.8975 15.3694473007335
1.9 15.33157145621919
1.9025 15.29378895140471
1.905 15.25609955626749
1.9075 15.21850304135179
1.91 15.18099917776735
1.9125 15.14358773718799
1.915 15.10626849185018
1.9175 15.06904121455171
1.92 15.03190567865024
1.9225 14.99486165806199
1.925 14.95790892726033
1.9275 14.92104726127439
1.93 14.88427643568772
1.9325 14.84759622663692
1.935 14.81100641081026
1.9375 14.77450676544633
1.94 14.7380970683327
1.9425 14.70177709780452
1.945 14.66554663274322
1.9475 14.62940545257518
1.95 14.59335333727028
1.9525 14.55739006734068
1.955 14.52151542383945
1.9575 14.48572918835919
1.96 14.45003114303073
1.9625 14.41442107052188
1.965 14.37889875403591
1.9675 14.34346397731047
1.97 14.3081165246161
1.9725 14.27285618075499
1.975 14.23768273105966
1.9775 14.20259596139163
1.98 14.16759565814015
1.9825 14.13268160822089
1.985 14.0978535990746
1.9875 14.0631114186659
1.99 14.02845485548192
1.9925 13.99388369853101
1.995 13.95939773734153
1.9975 13.92499676196046
