1 0 0
0.993996 -0.893417 0.0134281
0.976071 -1.77549 0.0268468
0.946057 -2.64546 0.0404112
0.903309 -3.50269 0.0543021
0.846578 -4.34592 0.0687417
0.773694 -5.17299 0.0840352
0.680866 -5.98008 0.100656
0.560845 -6.75995 0.11946
0.396571 -7.49547 0.14244
0.113703 -8.11201 0.178427
-0.315847 -7.747 0.23174
-0.506978 -7.03787 0.257499
-0.640385 -6.27113 0.277502
-0.742113 -5.47277 0.294798
-0.821784 -4.65239 0.310513
-0.884149 -3.81471 0.325227
-0.93186 -2.96239 0.339291
-0.966458 -2.09697 0.352954
-0.988787 -1.21929 0.366407
-0.999184 -0.329694 0.379818
-0.997585 0.567077 0.393278
-0.984027 1.45352 0.406685
-0.958493 2.32797 0.420176
-0.920522 3.18998 0.433924
-0.86911 4.03854 0.448133
-0.80248 4.87187 0.46307
-0.717559 5.68688 0.479132
-0.608723 6.47794 0.496994
-0.463953 7.23301 0.518059
-0.245785 7.9145 0.546733
0.21419 7.97547 0.603585
0.446201 7.30709 0.633794
0.595946 6.55667 0.65534
0.707737 5.76836 0.673448
0.794777 4.95533 0.689657
0.863098 4.1236 0.704689
0.915956 3.27643 0.718959
0.955232 2.41568 0.732744
0.981995 1.54243 0.746254
0.996755 0.657193 0.759661
0.999571 -0.239131 0.773117
0.990378 -1.12994 0.786534
0.969262 -2.00882 0.799975
0.935935 -2.87548 0.813607
0.889609 -3.72912 0.82762
0.82883 -4.5683 0.842253
0.75109 -5.39051 0.857844
0.651938 -6.19127 0.874939
0.522512 -6.96171 0.894577
0.339895 -7.67885 0.919438
-0.0590413 -8.15072 0.969148
-0.375745 -7.56666 1.00909
-0.546598 -6.8373 1.03274
-0.670092 -6.06067 1.05185
-0.765279 -5.25578 1.06865
-0.839982 -4.43043 1.08405
-0.898234 -3.58864 1.09856
-0.942329 -2.73271 1.1125
-0.973594 -1.86396 1.12609
-0.992725 -0.983091 1.13951
-0.999939 -0.0903098 1.15294
-0.995131 0.804764 1.16639
-0.978396 1.68803 1.1798
-0.949608 2.55923 1.19334
-0.908175 3.41777 1.20719
-0.852918 4.26248 1.22156
-0.781781 5.09129 1.23675
-0.691187 5.90062 1.25321
-0.574386 6.68371 1.27174
-0.415956 7.42509 1.29414
-0.156155 8.0648 1.32747
0.290892 7.81188 1.38283
0.491231 7.11193 1.40957
0.628729 6.34928 1.42995
0.73306 5.55352 1.44745
0.81467 4.73506 1.46329
0.878619 3.89897 1.47809
0.927708 3.04803 1.4922
0.963567 2.18387 1.5059
0.987097 1.30739 1.51936
0.998683 0.41898 1.53277
0.998285 -0.477988 1.54623
0.985914 -1.36562 1.55964
0.961587 -2.24128 1.57312
0.924892 -3.10457 1.58683
0.874886 -3.95453 1.60098
0.809884 -4.78949 1.61583
0.726983 -5.60652 1.63176
0.620912 -6.40036 1.6494
0.480653 -7.15995 1.67003
0.273852 -7.85283 1.69747
-0.180182 -8.03133 1.75363
-0.428127 -7.37883 1.78563
-0.583041 -6.63356 1.80768
-0.697832 -5.84825 1.82604
-0.787005 -5.03735 1.8424
-0.857017 -4.20731 1.85752
-0.911316 -3.36158 1.87186
-0.951888 -2.50213 1.88568
-0.979868 -1.6301 1.89921
-0.995817 -0.746042 1.91262
-0.999832 0.149603 1.92607
-0.99183 1.0416 1.93949
-0.971909 1.92168 1.95292
-0.939826 2.78958 1.96653
-0.89485 3.64458 1.98049
-0.835603 4.48529 1.99505
-0.759712 5.30935 2.01053
-0.662988 6.11254 2.02744
-0.537224 6.88665 2.04675
-0.362 7.6112 2.07084
-0.0156997 8.16396 2.11428
0.354368 7.63511 2.16057
0.532185 6.91269 2.18494
0.659226 6.1396 2.20436
0.756791 5.33709 2.22134
0.833317 4.51356 2.23685
0.893087 3.67329 2.25144
0.938522 2.8187 2.26542
0.971027 1.95119 2.27904
0.991352 1.07151 2.29247
0.999757 0.179915 2.30589
0.996148 -0.715993 2.31934
0.980601 -1.60044 2.33275
0.953034 -2.47287 2.34627
0.912905 -3.33272 2.36008
0.859101 -4.17888 2.37439
0.789676 -5.0094 2.38949
0.701252 -5.82091 2.40579
0.587534 -6.60709 2.42406
0.434516 -7.35389 2.44592
0.192809 -8.01176 2.47721
-0.264145 -7.87497 2.53371
-0.474917 -7.18542 2.56158
-0.616754 -6.4271 2.58237
-0.723785 -5.63404 2.60009
-0.807382 -4.81757 2.61606
-0.872941 -3.98308 2.63094
-0.923425 -3.13354 2.64511
-0.960553 -2.27065 2.65884
-0.985289 -1.39537 2.67232
-0.998062 -0.508147 2.68573
-0.998866 0.38878 2.69919
-0.987682 1.2776 2.7126
-0.964559 2.15447 2.72606
-0.92913 3.01902 2.73974
-0.880513 3.87037 2.75384
-0.817112 4.70693 2.7686
-0.736179 5.52594 2.7844
-0.632773 6.32244 2.80183
-0.496759 7.08628 2.82207
-0.299899 7.78914 2.84843
0.141624 8.08267 2.90314
0.409278 7.4498 2.93738
0.569756 6.71008 2.95998
0.687678 5.92789 2.97861
0.779044 5.11918 2.99512
0.85078 4.29087 3.01035
0.90654 3.44659 3.02475
0.948419 2.58845 3.03861
0.977623 1.71764 3.05216
0.99476 0.834773 3.06558
0.999973 -0.0599548 3.07902
0.993163 -0.95315 3.09245
0.974435 -1.83442 3.10587
0.94359 -2.70356 3.11945
0.899949 -3.55989 3.13337
0.842212 -4.40212 3.14786
0.768129 -5.22798 3.16322
0.673756 -6.03353 3.17996
0.551477 -6.81113 3.19896
0.382984 -7.54243 3.22237
0.0800217 -8.13878 3.26069
-0.331814 -7.70238 3.31193
-0.5173 -6.98761 3.33709
-0.648074 -6.21825 3.35685
-0.748097 -5.41819 3.37402
-0.826487 -4.59652 3.38965
-0.887798 -3.75779 3.40431
-0.934587 -2.90455 3.41834
-0.968339 -2.03829 3.43198
-0.98986 -1.1598 3.44543
-0.999456 -0.269401 3.45884
-0.997046 0.627103 3.4723
-0.982687 1.51274 3.48571
-0.956336 2.38638 3.49921
-0.917499 3.24752 3.51298
-0.86513 4.09512 3.52723
-0.797384 4.92733 3.54223
-0.711071 5.74095 3.55839
-0.600308 6.53009 3.57641
-0.452328 7.28194 3.59778
-0.225474 7.95471 3.62741
0.235214 7.93589 3.68435
0.457991 7.2583 3.71353
0.604445 6.50459 3.73476
0.714281 5.71433 3.75271
0.799916 4.8999 3.76882
0.867114 4.06705 3.78379
0.91901 3.21891 3.79802
0.957417 2.3573 3.81178
0.983362 1.48324 3.82528
0.997322 0.597194 3.83868
0.999327 -0.299452 3.85214
0.989332 -1.18946 3.86556
0.967409 -2.06753 3.879
0.933238 -2.93334 3.89266
0.885994 -3.78607 3.9067
0.824167 -4.6242 3.92139
0.745156 -5.44513 3.93706
0.64432 -6.24421 3.95428
0.512312 -7.01207 3.97416
0.324271 -7.72377 3.99959
-0.0961569 -8.12713 4.05183
-0.389571 -7.5199 4.08904
-0.556069 -6.7862 4.11225
-0.677266 -6.00728 4.13116
-0.77089 -5.20082 4.14784
-0.844386 -4.37426 4.16317
-0.901627 -3.53147 4.17763
-0.944825 -2.67464 4.19154
-0.975257 -1.80506 4.20511
-0.993585 -0.923386 4.21853
-0.999993 -0.0298001 4.23197
-0.994378 0.864577 4.24541
-0.976841 1.74704 4.25882
-0.947226 2.61741 4.27238
-0.904908 3.47507 4.28626
-0.848659 4.31878 4.30068
-0.776348 5.14642 4.31594
-0.684254 5.95425 4.3325
-0.565297 6.73518 4.35122
-0.402976 7.47266 4.374
-0.128326 8.09746 4.40904
0.307902 7.76829 4.46313
0.501912 7.06203 4.4892
0.636626 6.2966 4.50932
0.73919 5.49908 4.52668
0.819488 4.67931 4.54244
0.882365 3.84215 4.55718
0.930523 2.99028 4.57126
0.96553 2.12527 4.58493
0.98825 1.24798 4.59839
0.999034 0.358767 4.6118
0.997826 -0.538094 4.62526
0.984654 -1.42492 4.63866
0.959513 -2.29977 4.65215
0.921959 -3.1622 4.66589
0.871006 -4.01122 4.68008
0.804909 -4.84507 4.69498
0.720652 -5.66075 4.711
0.612727 -6.45273 4.72879
0.469457 -7.2093 4.74971
0.255168 -7.89468 4.77796
-0.203531 -7.99406 4.83466
-0.440399 -7.33052 4.86542
-0.591787 -6.58174 4.88712
-0.70454 -5.79438 4.90531
-0.792268 -4.98204 4.92157
-0.861136 -4.15086 4.93663
-0.914461 -3.30415 4.95092
-0.954157 -2.44383 4.96472
-0.981316 -1.57098 4.97823
-0.996463 -0.686124 4.99164
-0.999669 0.210005 5.00509
-0.990863 1.1012 5.01851
-0.970137 1.98047 5.03195
-0.937216 2.84753 5.04557
-0.89133 3.70162 5.05957
-0.831052 4.54131 5.07418
-0.753919 5.36411 5.08973
-0.655566 6.16568 5.10677
-0.527353 6.93734 5.12629
-0.347222 7.65697 5.1509
0.0380533 8.15905 5.19899
0.368907 7.58906 5.2406
0.541957 6.86189 5.26448
0.666586 6.08639 5.28369
0.762539 5.28227 5.30054
0.837831 4.4575 5.31598
0.896574 3.61621 5.33052
0.941104 2.76071 5.34447
0.972771 1.89237 5.35806
0.992291 1.01188 5.37149
0.999893 0.119487 5.38492
0.995475 -0.775885 5.39837
0.979127 -1.65953 5.41178
0.950737 -2.53113 5.42531
0.90973 -3.3901 5.43915
0.854947 -4.23529 5.4535
0.784371 -5.06466 5.46866
0.694491 -5.87471 5.48507
0.578708 -6.65882 5.50351
0.422083 -7.40201 5.52572
0.16861 -8.04807 5.55834
-0.2824 -7.83263 5.61416
-0.485985 -7.13591 5.64125
-0.624867 -6.37464 5.66176
-0.730066 -5.57975 5.67933
-0.812317 -4.76194 5.69521
-0.876787 -3.92636 5.71003
-0.926329 -3.07587 5.72417
-0.962599 -2.21213 5.73787
-0.986522 -1.33604 5.75134
-0.998493 -0.448014 5.76475
-0.998487 0.448966 5.77821
-0.986502 1.33698 5.79162
-0.962568 2.21304 5.80509
-0.926286 3.07674 5.81879
-0.876733 3.92716 5.83293
-0.812256 4.76264 5.84775
-0.730001 5.58032 5.86363
-0.624808 6.37503 5.8812
-0.485958 7.13603 5.90171
-0.282532 7.83231 5.92878
0.168214 8.04862 5.98456
0.422081 7.40202 6.01722
0.57876 6.65851 6.03945
0.694555 5.8742 6.05789
0.784435 5.064 6.0743
0.855004 4.23452 6.08946
0.909777 3.38926 6.10381
0.950773 2.53024 6.11765
0.97915 1.6586 6.13119
0.995486 0.774935 6.1446
0.999891 -0.120438 6.15805
0.992277 -1.01283 6.17147
0.972744 -1.89329 6.1849
0.941065 -2.7616 6.1985
0.896525 -3.61703 6.21245
0.837772 -4.45824 6.22698
0.762474 -5.28289 6.24242
0.666523 -6.08686 6.25927
0.541912 -6.86212 6.27848
0.368946 -7.58893 6.30234
0.0394528 -8.15861 6.34379
-0.347165 -7.65714 6.39204
-0.527393 -6.93713 6.41666
-0.655628 -6.16523 6.43619
-0.753984 -5.36351 6.45323
-0.831112 -4.54058 6.46878
-0.891381 -3.70081 6.48339
-0.937256 -2.84665 6.49739
-0.970165 -1.97955 6.51101
-0.990879 -1.10026 6.52445
-0.999672 -0.209054 6.53787
-0.996453 0.687075 6.55132
-0.981293 1.57191 6.56473
-0.954122 2.44473 6.57825
-0.914415 3.305 6.59204
-0.86108 4.15164 6.60633
-0.792205 4.98271 6.62139
-0.704475 5.79491 6.63765
-0.591732 6.58206 6.65584
-0.440392 7.33055 6.67753
-0.203818 7.99357 6.70825
0.254992 7.89506 6.76497
0.469478 7.20921 6.79324
0.612785 6.45236 6.81417
0.720717 5.6602 6.83196
0.804971 4.84438 6.84798
0.871061 4.01043 6.86289
0.922003 3.16134 6.87708
0.959546 2.29886 6.89081
0.984675 1.42398 6.9043
0.997834 0.537142 6.91771
0.999029 -0.359719 6.93117
0.988232 -1.24892 6.94458
0.9655 -2.12618 6.95803
0.930481 -2.99115 6.97171
0.882313 -3.84295 6.98579
0.819427 -4.68002 7.00053
0.739125 -5.49966 7.01628
0.636565 -6.29701 7.03364
0.501879 -7.06219 7.05376
0.308001 -7.76803 7.07981
-0.127754 -8.09806 7.13384
-0.402962 -7.47271 7.16895
-0.565347 -6.7349 7.19174
-0.684318 -5.95376 7.21046
-0.776412 -5.14578 7.22703
-0.848716 -4.31803 7.24229
-0.904956 -3.47423 7.2567
-0.947263 -2.61652 7.27058
-0.976866 -1.74611 7.28414
-0.99439 -0.863627 7.29756
-0.999993 0.0307507 7.311
-0.993571 0.924335 7.32443
-0.975231 1.80599 7.33785
-0.944787 2.67553 7.35142
-0.901578 3.5323 7.36533
-0.844328 4.37501 7.37979
-0.770826 5.20146 7.39512
-0.677202 6.00776 7.4118
-0.556021 6.78646 7.43071
-0.389594 7.51983 7.4539
-0.0969254 8.12652 7.49103
0.324191 7.72399 7.54335
0.512349 7.01189 7.5688
0.644381 6.24379 7.58867
0.745221 5.44454 7.6059
0.824227 4.62349 7.62157
0.886046 3.78526 7.63626
0.933279 2.93247 7.65031
0.967438 2.06661 7.66396
0.989349 1.18852 7.67741
0.999332 0.298501 7.69082
0.997313 -0.598146 7.70428
0.98334 -1.48417 7.71769
0.957383 -2.35821 7.73118
0.918965 -3.21977 7.74494
0.867059 -4.06783 7.75917
0.799853 -4.90058 7.77414
0.714215 -5.71487 7.79025
0.604388 -6.50495 7.8082
0.457975 -7.25837 7.82942
0.235428 -7.93546 7.85857
-0.225239 -7.95516 7.91551
-0.452341 -7.28188 7.94517
-0.600364 -6.52974 7.96655
-0.711137 -5.74041 7.98457
-0.797447 -4.92665 8.00073
-0.865185 -4.09434 8.01573
-0.917544 -3.24667 8.02998
-0.956369 -2.38548 8.04375
-0.982709 -1.51181 8.05726
-0.997055 -0.626152 8.07066
-0.999452 0.270353 8.08412
-0.989843 1.16075 8.09753
-0.96831 2.03921 8.11098
-0.934547 2.90543 8.12462
-0.887746 3.7586 8.13865
-0.826426 4.59724 8.15331
-0.748032 5.41879 8.16894
-0.648012 6.21868 8.18611
-0.517262 6.9878 8.20586
-0.331886 7.70217 8.23101
0.0791139 8.13937 8.28215
0.382956 7.54252 8.32058
0.551524 6.81088 8.34399
0.67382 6.03306 8.363
0.768194 5.22735 8.37974
0.84227 4.40137 8.3951
0.899998 3.55906 8.40959
0.943628 2.70267 8.42351
0.974461 1.83349 8.43709
0.993177 0.952202 8.45051
0.999974 0.0590039 8.46394
0.994748 -0.835723 8.47739
0.977598 -1.71857 8.4908
0.948383 -2.58934 8.50435
0.906492 -3.44743 8.51821
0.850723 -4.29162 8.53261
0.77898 -5.11983 8.54784
0.687614 -5.92839 8.56435
0.569705 -6.71037 8.58297
0.409288 -7.44976 8.60557
0.142128 -8.08208 8.63975
-0.29979 -7.78942 8.6945
-0.49679 -7.08614 8.72089
-0.632833 -6.32204 8.74113
-0.736245 -5.52536 8.75856
-0.817173 -4.70622 8.77436
-0.880566 -3.86957 8.78912
-0.929172 -3.01815 8.80322
-0.96459 -2.15355 8.8169
-0.9877 -1.27666 8.83037
-0.998871 -0.387828 8.84377
-0.998054 0.509098 8.85724
-0.985269 1.39631 8.87064
-0.960521 2.27156 8.88412
-0.923381 3.1344 8.89785
-0.872887 3.98387 8.91202
-0.80732 4.81826 8.9269
-0.723719 5.6346 8.94287
-0.616695 6.42748 8.96059
-0.474894 7.18552 8.98137
-0.264306 7.87461 9.00922
0.192491 8.01227 9.0657
0.43452 7.35387 9.09703
0.587588 6.60677 9.1189
0.701317 5.82039 9.13717
0.789739 5.00874 9.15348
0.859157 4.17811 9.16857
0.912951 3.33187 9.18288
0.953069 2.47197 9.19669
0.980624 1.59951 9.21021
0.996158 0.715042 9.22362
0.999755 -0.180867 9.23707
0.991336 -1.07245 9.25049
0.970999 -1.95211 9.26393
0.938483 -2.81958 9.27754
0.893036 -3.67411 9.29152
0.833257 -4.51429 9.30611
0.756726 -5.3377 9.32162
0.659163 -6.14005 9.3386
0.532143 -6.91291 9.35802
0.354419 -7.63495 9.38237
-0.0138358 -8.16418 9.42844
-0.361956 -7.61134 9.4721
-0.537268 -6.88643 9.49621
-0.663051 -6.11208 9.51552
-0.759777 -5.30873 9.53243
-0.835662 -4.48456 9.54791
-0.8949 -3.64376 9.56247
-0.939866 -2.7887 9.57643
-0.971936 -1.92075 9.59004
-0.991844 -1.04066 9.60347
-0.999834 -0.148652 9.61689
-0.995806 0.746993 9.63034
-0.979845 1.63103 9.64375
-0.951852 2.50303 9.65728
-0.911269 3.36242 9.67111
-0.85696 4.20808 9.68544
-0.786941 5.03801 9.70056
-0.697767 5.84876 9.71692
-0.582988 6.63388 9.73528
-0.428126 7.37883 9.75732
-0.180537 8.0308 9.78927
0.273706 7.85317 9.84546
0.480679 7.15983 9.87292
0.620971 6.39997 9.89356
0.727048 5.60596 9.9112
0.809946 4.78879 9.92713
0.874939 3.95374 9.94198
0.924935 3.10371 9.95613
0.961619 2.24037 9.96985
0.985933 1.36468 9.98332
0.998292 0.477036 9.99673
